$ANSIBLE_VAULT;1.1;AES256
31366535666238393939346637646263333738376232363938666663386336383665333230663965
6334366466376630303733636332343639656539333936610a656166393037306164643966623262
38613538663534356136343831313962646139333161643662326237393862313935646263346136
3263366362656639300a656139316161663436323135633130323931616531343534323436346638
63336332613935373066646132653030383434313432653038326236333866393237353533623832
66313133636234326366313233653730373965376136653437636633643136653239613364653663
35356535356137343537353438393264643763373362636162303139623131623133366233613738
31636530333339653962336637613037613361353638346561636465373834343335313031383930
63313937353066376137656463353030646339353031616365623530653361303162346266393533
39636264333265396131303863633938663566636665386165363361396166613761346133343231
38383736316564616435363434633438353135363936633530636531643839353733393931353164
39623737363537666431623764643531366438303735336533336332366633353938356664353839
32636563616335383562643261386434656661333530393561326464343664373264613662333539
37666463653338356363393065383030666437633431303062323438346131613130623233643433
65356265393761323430633233356466326333393036393530303138386361373333323235643764
38353731653065633133376566383162306539663363313161396338353839306138613436653030
30353732663433366631356463336263366135333165383839383739663461383430303662643131
63626637383061326533643063316332383133383137323731613836616262613062303136303439
33643330623136343833623363333338306266313932303766333634656133303065383065333765
32363765303237666330643864363665386166306638656338303039623463333035303566613030
31636137326133633333616266663966376434626230363234646666643964643632323065653963
30303636313336316165666639373465383563323033306366373038363639646566323836653335
64386432383239626166306134323136656630336238366330316366633537313265636365396235
63393337666631646638353639353938326532316336656539343535613835616630646363656463
33396131623632663165333365393931633039373432646439396562663465323962646265376464
37666565643337373030353831313138626533323239373838363464316338393135306332613833
31363039383734646566386263663932306133633261656463383862646235616137353338656631
66656363333065323839
