$ANSIBLE_VAULT;1.1;AES256
31396163366133343638653639643436373239373031323131616261633061306238376436633965
3436343630306130383636656466396630316338656134620a623934393361356463313831613735
34373162623430306363616639373435373466356531353937386637323739353464653832383031
3939373934366664310a636162376535393763393239373531303939303432653538323835366632
31313864313438396233646161326433616662333531613661633037393866623733383834313366
33316562373766376562353334383162336134326333303834646135653464383631616435393863
37626666396634356364366236646136363661346465353566363033336132626162613666616563
39386131653339633964346266623330316266333531353231373334336466656364363361626361
38316335613537353333306564393439663034643236653663353633653663663166633339323864
63633466366333373537646138386630643230313263306436616562333261663831653030313962
36306164313937613062363331303465656661626366663762343536656338666636396166376463
36643937613734356466306537636332663031643139336233663764333731323063323432373234
34373536383765336261363263343561336439326634393462366436343935313738343435663731
64623237343837373435666630393434353165393239356130306463373537336234613734363164
36373664643137666661623633663864343663333463313465336163623465396131336330313038
61623336386330633337383165616237336636306166373233313137383538363339343632333661
66643437393163356638303538373332383461356335353839353034353861643439306166326130
66356336643966316234376532623062633834636362656331323536363462333632336563303863
38633333363661366338376462383663313131336534643738366537333535386438383431633237
63363533363261376336393265346661346365656233386565626633646135356334326461373865
32383634333637643439396264373866396633373662306264376630623961316666363531383663
61653533646330303064646363393633376135386636633561313964653135373138303836353232
34316332383038316430393333303439373065666237366263353931626437353861323032346538
65363830313631313561646436643732323136336361643139626437303231643931623839363662
65623061653336356335666461333166623838663266363533616163376331343431373435356366
61343065316632323964306533643434653861383133343632656165653734633934333433383537
38323865613038316261393535323162633630393936323963616634373763303734613961353938
62626332376462663837663337656362343361393034393234373833666638343466336363386138
34663633663632346338366563623461386231346139393735343833346638663863393164346264
32623861646435653562333738623135323535346463346237323731316566633737663537333432
37363065613133376534613831633531306364376136656566356238353961356663343764383262
35376135386563633933363830376238656432386631373330653461353766303561346134366132
65646262303434336236613363323832386535623139343365303530626238633463303465356232
65346234333530366466636234323461616537383631313638346237353935313965613035376665
35633464656564393864323539643035313065636264633263343233343632626462306666663134
32613936636635303235383934356434633137333632353361316434656361336430393731626363
65366636653337663064613565393964613239303638636339616262363535393539663338363166
66363066636430633035306239613231636132313436393634316265656433363036393166383234
64363934646331303034376338653730373736633539343332373238333162653238633634643636
63306433396364663863
