$ANSIBLE_VAULT;1.1;AES256
33383735616338313132356639383138356563336236346538643135303531366264643432633535
6537326264353065343665633233323736333938336135320a666633383961646261636366366536
39336464396538316637663164663661326136336366316538623831363062636362386162616135
3130626564353438370a613732633966383532636166303065356139333832666238316364663330
34393962373638333463623030646364383963663664653632303866663761393363393438653732
39613237666134373036373835313533343230396236373562303230356538643564646238306333
31376464373631666665623636613932363635376230316636663465306535373837656636643365
62663139636361653131616366643634656637386537613361663430386261666539356633306533
36306239633562653134383031653931663062663136643965396366316361356537323034303065
31613762623739646634653165326631386232313436376632303331653832336563333063306663
36333634333334633134333734666538303462323336363739313032316162616262386635383465
33633536393761643231393936373337383462616339333563623335333535306131306230366663
35666566376433666433313035623865323234623434383337306561353234303437613730366461
35616363333139623032303933333864646466393365396665643732383166316433323537346131
32363866646334633761323061363764373362336466643537623739326530373562623339386332
39326239396362663065393361653262393165383962323465323338613135343561643266643830
64303962373265626363633638326364356138653036333065346635306663643339303439323166
30656239633362313238316663376263663036636661353630373562613031316539303064343437
66633033363065626237633637316162633436356336393635656133356561323961393435646464
36343837643933336562396561373163663938363635343239656134373635623135613630363135
63303636646361333433376537303163653635343939316434613831633765613564386130333535
37663531313436333832343935333266663331353961656237303233353733343966623030626361
65336466623062653766386262663331393664383563313236353231396562303937643130333030
37396563633863356365323432363331626630373964333866633962303964653666363834323339
64653964393664396464326665396631353863393766626563383961373333643266633137363463
65333061383361353133663766366438613961363031393563373632656139303238656461383937
36356563383862613938396334326330366530336632336436616330663530646338373934666638
35393139343232353038376539333132383738393638316464343166306630386239393363343566
66333532343735303562313238386332326461353739333335356135343263663839
