$ANSIBLE_VAULT;1.1;AES256
65383833663763313038313535313738316264616639653837626561336130326238623434663432
3637393065343263326139343262636165306537363234380a623635303735616635313766383136
64633835636461643634613763333666383832393335373435366665643562373963313533633564
3736303361656266390a393263376339646630643739623763353563303466353138336463386436
31396235633135633637343031363835313233666530643334353331313130336330353138393237
34663864383334303465626666653535343632326138356561623565323435663234366534303638
64623866383237323331313734363131363233636463653431616534383763613035396362383137
63313465333634626466353735313030383033633635656236663435306464323535653632316532
39393537353564313131353537333264373032333866343935313038333763323938306162373537
65623833633639623932323432363864306564306631333835663430393161643163336466613266
63313135393937613138356366356435626232633961303330643865616537626462386465343861
35356233636262663666643134663433376239393138623563306461396265333765393335343164
34653534306164333037326465333335393935373630326234396437396633643332346166626634
32383737653666653538646230376662643534336563363538393131646431626639353338653264
63393639313234636232666533663035326231316163663163373561323432336263346437346430
62343639363263366130306236666635613639643566356561653264313839306265363064323566
65336432336563386432613066396333326439326636346433626130613032393338336231356236
62353538383065646235353564303462373032316534336661396333343235613637666163373164
64616166636435343035323335386236663663393839626536303136323139393838643039363931
34336335336639333035626437333566396162343966386466666665643563656338333338386437
32346433353265666637636161623661376564333765323238333039333235303532363335313763
63353431646432306536333066356338653036383862613331363165313366393165356462343234
62383362316561653762643532653664373662333137373864323734323439393664313834396336
39376266303366356361393262636538373634666636313363373934313834653161613938633436
39633631616339313433303461356562643630393961646566633535656337343665336633633664
62343738303834393666333365656337363630663034663464336461373361393338663738633338
33633964353065613734396334373732646337633530663166663231626563616331373132333962
38373339383866616534393436653063653637353062646235306633333165326236663938336134
64303537386138623634376639346130393666383862346362626562313961363534643037353839
61366364316135346438616137386631346633353061396330346665623439376261323261363239
34393164323437366235353861396464633364636631623466633665653839626232303530623863
32306137323233333235336335376430343232643335386337636432666538333839653439383161
36323362616631323262613733663266623562643632333339316334333236663630363031633834
37626461376534313033633331656535663033656234636538336430336561396538646262396535
31393139306263306335633730623165373565373162613664633964613765396332373136353330
39633130623431333730616632363939653038323339636561316238633165636635326437656437
39363033653231373438303634353562653836393335393936366266616561393934623632656465
37363165363865323536386537643938626637616639353839636266666361386639343934333466
32303039343539376638383132636165303962333265326164333439636635313462383039386264
37623834643133383338386261346563386664653435643835343639396433656530623665383835
35306532623064326432643166636566646663306662616232666633303337356564316637316330
35316430363339383566303963353938343434393631656561326165613532626335376266336434
30636664326161366638323735623533333163653137393062356665303133643336313738313839
62336432373761393031613061303535343331393963613738373939343830313230663666343339
39653735386232366137613834386164353135646337373838636666323338613035316336333666
31306232336333326565326138386666313639366432663233653365353537316266316633633066
62386433363165313066386362316636376239363663323031326632386137616265633630613061
64366439363665383466393433373938636530383963663439393464333638303937393764636537
31363561336362346266653961646430613130333439323364663136303533613266346332373038
62303033316631313639373738623861393130656164306136396633386365633834616364616365
31636264376639616335386335346466326465383031303362376666643431643537323061636230
32336337343035646635646434363761363339343436666136336432653933376432333430343465
33643233663035653266633639616435326466623934663234636466646330303230666138346335
32383035653035373766613363393466376433656664383265663730353936633230313435346338
35663265366363653739383332383361643233623738353364643230333161333235303161356537
38643864663238396532376434666633646438396437323530333636643036356634653333653335
33386637356130393837623862323431373164303130633839333066396436653137646430623261
33666338316564353035663665383136643030666265393662623638373836316164663236653030
61643934313963666335356134353339363265363437373036653132343134346630336534326637
64633564613232643333393030626132646262363932636433656561643632363834393233363662
31626233376565373861353466646333366430346364613930386565326633336236313862613664
65666166643466346431663834396265366438663966333236336163333931313430303733353438
37393730393236626235303665656332653734303431343861386366396532346561653337643762
30383934343236616531393462343664343738616331613663613532633066643966346563626463
31656332363332663938393433623730626534663565313131303962376634383464643165303664
39353632373664636235303665353964613733613164393734373736643865323730376432623832
64386331313537313165386330323135643065643634393732363232386464666438306230373930
37373665626536323234356530343537623362663562343736653032636235323339313936373861
63363365366634363835383762373464393736303034346338383437306132383730386265643233
38303965653763626135626634346663343834633730316565613133643563343332636434626538
63633335636430343536613565663066623439323261303734643538376536633937383734623730
62623339373734323538383630386563396139376466313038623631663539623936396632356263
36616639626234336439666164386230333839393535623035353232366234643736356662346130
30363062666130376336613332366665363632313634363265333765633030376362323565323835
38373730386533643131623264653036646538393661373037353733633633323037306436643430
32633966323139653638336530613963313635356636333635616262363635646239303733626462
38653965393363313161656162636531386438373734386137393739366461333637303335366566
34356334383937653135306430633030303133663639323861626162376634353036616239373931
65316265306136653037626433336565333764663831656638643563353336656635303639613462
39343662643635363864343064636230343563333736386664383066316539643964363163646533
31353462373062373937343934313030323637323465656564346463666262623935363131383366
65343238373431336336636263396330653432396336366332653266326336393536623137316463
65326637393461356435626134376238653134663736643666663532626164333332636637313630
34366661353732333736613133613332616163306263643637656165316162656436366633646433
66303937306437313536666561376438613331656237366133306263393137363137346161373439
37636539666438363932316230343464346231393264646233653830336539313861363336616539
31306461663833386638643430623634353565386538363962613837326135303332646433326439
39393535336134626134396535353462643330346635386263316539323535613932633635316635
64633465336263623937633263623163353765306661653335336531663136613730393735623832
64643164633832363332333631643066623136626133376533653933313530363031333335323133
34653966363363323930616430356137316330633962666661303238376661333064646232323637
35383330633261303636623337353231643161303437316231663433636132373933316136646537
30343132396434643039316565356636636331376131323237646163636338343339656461303161
61303932613634353839333037306232316230646365613638333434396132383837623433323833
36666539666130623935663630643630316130353232643639386163373137613737636632613831
30366331626163333263313938363038373239373938633638333562346261363934626535333937
31313434633466303561306435343334663662306331646537323562366563643236646135336536
38333463613936636566306335363538643734646663616435363739336331333762353863666538
63643637646162333430343231633565633935303238323934356239343361616264303438626638
33336362303930653735636461346231663164636134616335383837363838643533323264313233
63626533626532313532636361623437383331343633333765666466303830306661633936343131
36373637333431336636323766393063303333316435346135656131613561396163353539643733
38346264653038633639326362646434353336303930303035633033326138313237333033393162
38646536616639306230656233613963303338323632373764316330646133643063643832373066
39646433663765303565613466323034633431623530643536643665353762373061326462323737
32343430323834386563623432346135643339613231396163663935303264633331346238343538
63316630353333373733303837303766393963623730366331373061636339313333393162353965
34303536333830616138326665656364383764653063353065383732353662333765633561636161
35356636353737373162633562343337646363626130613932653062386663336236666233666665
32393263386632306435343733386234306233623161376130373139346633346138346336663738
34353731393937373234623331396139333234373661376264393739643665313466383933663438
64663735323034363731656166393031633138643439613166353337613832366136666265303034
65613130656336343537376164623465613265636663376438316665356465613463356665323566
38633636343635666531646434396365393436616232363132306530633865623736316438613236
65363231333464633062666339356131383630323065643236376439326233646133616633623635
37333062306563336564303937316338333965663663363837376536393033363037313962373436
66333865613039633065356361303639316634333938383939363330633239663132613039616231
35336262626437303562663763653265386630373837366563613037333039353166623632346533
34373737313331396339363366313562383664633561336330653464623835613033393362666433
32633465643530613337636361343561306331303839376131656134336262663163306663346432
32623738323134643062356532346536373638613037313362626432653961643134373531643533
66613337633133383831386363373233396565306132656634346265306336326436633434633164
32373965306565373730336231343430323436616462323062313638386364653932653235626334
66633664653064343836376638393335366663626437633039633435376130336635316461393338
36303536386238363962323435353362316562346237666532323934613161303137623966616237
37636336323561353861653764623639663164336166393131353635366465356164366264333134
36323633633534386234636534336564303737653538626161636462356433633465396561636162
61623237616435663137323031623963643037636230613935383532336233356263663230376261
31613234643966633330633739616436643638396539656664613931376164303630376339613238
64333332383037383930633433303938323833313961663665623364323162613030633866393961
61313335663435636634623065653937633432633432336664393034313736623661323737383134
38343636333837306539643533386662616234376231343861393634343563333365613863633930
39323430353861646462386235346439396666363864383161613437363638616162383433303736
34393434376433363637323838363364303038333636363664363737316338393435393661646666
63373562353863393766366663326635353832326532636435343532623930313538373066653236
37313535366239653536633766396538353162636530636133383938643063303137383765323366
65313633663533656432623036613433333233303433303834646439623135353061613239363433
31346664643432346635633666353764346235333839636363646463326135323038313431663961
32396536613961356537323065633635306130613435353961333031333331303437323064373535
64356231383537366139623437336431333535333530316135363734356539306632303964666135
33336130343032306662636163306431333133356564636166346532393533623166623664366366
30323337316438633633316539383436333138303330616335653138646166376366393938386137
62303062623562613534313665336266393662353538613938323033376237663565306563306133
38636233633731306135326562343735643536306633626139366631363032623634386332613933
62313963613630396264323535633030393863653931376361656561636132656339306163356531
36313531393862356434656331383062336634346133656362623235653263643534393234366136
39616266313938306435353831623533666338626333386166653736633866303936633135616634
63373134653833326535343533363038363835396463356265623131353465303830633938613730
38396261636537646166323132386466343365396231343366363362383531393737333936366465
64636261363536613262613437326130366337386134333037656335623133316262323331396437
31383433616136613865303935363135653164613034363565323932656365653263656462326332
33643764373966633830313132343862356139616262663333306134333739643736633263653130
61666261323134646530663236613863666339386533633566376338363732346163373837613333
36346665613964336261303533356234303031383436626538323733353162663133316261633234
31663037366361663730633634303165306131623234666630363132396439626430653161376439
61386633643439326261646638353939326135636438346534323036363437303938663930646363
32363733333636323137646136333864393533666138616332353935323836356237613536613062
34353931336133613438636137393531333763333161366165353132366561646639653161323663
30613964326466343337393462336535633430623964346133353064616235663430366535383738
66383637343562663434633462303065313065393762633565343738626265323232363266313530
65356263633735653665316431616437666436396235353365333739323166316236316239643330
34663430363963323237303862386138313538316562623331626361353138623836313262663263
39623861303861373332636136626431353439386335323335666531313633373936666530333036
30636532326132356131366262316231623935666265333036616663303639333963613466613538
38653466653836663230313234306536373763663636623138346137393938313434313839386264
37333262303265613730363139373633326639343533323230393136366230333163643033383131
61353430333361656162353463386462343835643938623766353165386533373736343732656237
35663962313630323161643038613534616137353635393931323236313838376362373930303363
66363235653762353438393936326363353033353365376664373330393165353961346161333466
38346131376239326166623234363835666632646361656164326136333236336334616363306232
62363065356463336234323366636363656362303662316533343364363335306331633436663562
30393435336339343234306333383066343737323530626530303938363139346363363736393438
39326663666634396532303834656336346434653566316630646364633333343166383630343233
31363635646130626162306161356130303365303038323739636636633933313130663863373633
36356635363237326539656263386434666366386562623036633131643162623633663332316434
34643937373433306336316637646231306165373135313565613664383262303937313562323839
62656562303438366230646536663430323037326334343137663562636538383535366361326361
36343166303231363366643263396465323134633566316564306162306462343231343938306536
62373839353765636236633165306231396338643632643635333239633832663664383330633761
34326535363662373065373732343233356230396664656131613331663130353733653362626434
36613932636431366135353934366663386130383365383238353735666431396436353033663134
61646431653231636261363032356364646636383133376534386539316230633061633334316462
64303264646539353265363765376464613463383666303739323335323133613133643234316436
66323132383561303836333363376538643164383539616166343762373239386338613039383130
65393736313038633466623533313231366266623161623030353930393465616466383030373532
36626338633832663466373962643434666335363635326532396330333938323434326166396539
63353839653463386331623964363536663536646438643934636335626431313635343565653361
36333034626434303030383465376337613036353236376237613465636230636638623336353061
36336266663037366438393037623339363636306565353535656464363662633531353636336630
35623430646338393363393635343766316463393435303431373037313861356631376131323764
31633431383965633266396634393662393065613964316461633537633139666236323333373830
38643566386464633766313964653739333139313931333537316265306161633537383466616236
35323136643163613033613330663666393366626637336431366139333533346639646266343834
30363330396434386632323839366562633961383734656566333162633734303637626638383561
65646262363532376339663631643934383264313763613764386561366130623461343163666462
63343162376632363736353336313435323062343238646138346366356132663436323437326338
33633839666233353032373966343733306335353632656565356531643061613234386336343931
38336539353736616635666337613464633964653436333366633530643763383731613332383061
61613137306437646463353365643132666262333130366235326335643464633139373139666236
37306334646362653930383839366237623463356539643933366632663866656230646439336134
66373830313766616564646566646164323464663964643638356332643233326531373031653864
62383662616538626431306631663831663632356332663063633466663537326632643034663031
63386236356433663632393639303366393038366364633439663031303062356239326466313738
33376338343434363737633437356562343639343532336563396561383866373561656133636334
63656138383336633265623832383864343234656436333532663131396331376436323665333764
35343836353939343331306561633737633738323964373632333538656566663961396162633562
31356639336566356166383465313565346166623432313938646465383262653635383465643365
65396262626163663762376663303165303134303565343266353632333932366534666335363565
34326336316531343331366666636364393031393739663934396364646633623264353861656663
33633861303265323133363433653665353438363161313662633865373634393632643666376237
34663831663436386563323933383237623032626132656366303632393933303064373966303662
65373535623232376430663231336438363266363837356139633864326630366164623234303433
65633962326436313130656662396166363535373432633739366136653764363030353736613661
63353163323537376636373963636234303137376361636565343362353032663535656265636563
33646130666635333935613431636666316566633834336236323366656164636133346530366261
39363535306366356334306465663662623634613038666561306335383533343639326238616538
36366338343364333834633762386566356266393964333432353439656237323931636661373265
65366138626236633831656162306631306639383838626135393436396337653931383232616334
63643362633736323937343663373730336164383439366434633932316230383434363662383431
34363761333266636437373864656561636431613735383261326265613539313662626464303966
35396134383730323239363630356365333762633339333665383030323939626132346431336530
66353438333938393266636462363866636365623961636138336438393934616664353038393063
33633631613266646463623239613566326334383464616139633464386634636266383936663563
37613664653337353465653438356530643861363733623730373362313865613932343039376537
62343361653161393638613163316265386138393065613237616531643761396361643334623335
31396635346462373033376562666635646364346366323264393932376365386339393336623938
38323235353038316637623266373434353262316331646331303965386531393937346530613334
37646438316135323639366564663033653463353064386534383762656365373064636433376536
32373964343961656236303732396439363166306439656164343436393264646165646533353834
31623265346262306331656361343137663133616632346238326665336239313837373739353739
33376638393263613435643035666435613637383532313039613837343161666566396231663265
65636166623830336537353636613964323430653961643765666134393964366533393032656536
63626434343334363738323738386166616137323137303966373565353833366331353566353536
38663466663765646335353933653061343339363233376436646233336532643031343333383433
66656339353164656566326161613038643663643138306561373237656634613337646333373865
61316337363335393131613132393036633666616630303661356663653136633062383639343633
34306337336330353333343264646362373737373961646135393862363336393239346362336537
30613464613963343362383038303363326337633164623663313232663261633362336461363265
64373438393661633533623262303563633039663938633065373064303233396631323136646238
35383139663064306461663264666236333363376263336163656535613132336336626163663466
36666531356661313164333431323734383062316333313862636266353431346365336435303932
30616166333731623363353263366538666235313861303432373338323536343466643135336435
34663032376139383632646261656636333865366433633866663633393466626537323234373866
33636162646537366563343637363861343565393065363261333635363236383766383435643337
33323137336637643438303433316138316533353265636664303366343637346631393337623239
34646166666434613834313563383734303836393462636561383732613338636434333232303966
31333061663834613466313234303261373937313861333139653534316532333030303065646232
66626634386633386365333834323933326439333963333362383062363465366361383961643536
64383566303137346661356332333234626530343261313834636234343764303034633366663236
64626334343961313265643937336664393262306235343337666134623362366365616537363664
61633562636563636238386130363538366237393661643232616236653763613664613063353438
39376632333762306130323966303130333161396464333762353432346562663961376630623438
30373166646234306635643031393030393333373462613565356661376630383137653539646331
64396233656263633433626564626130366434363030666637633965626537643339666630323737
31303533316465643132306266623138373234383830613230333265376137623063663964383161
62623031346662396264343362663462666433383139323166643031323031373032616537666139
39343934613036393530376330346337343338366434353532313437356538653665643364326430
65313935353434383134306166366436363563346265333132373361316565646235613830663639
32616365633664353936383861376461336338383633363635356464363732623239306665383935
36336165646530643564303238656130666663336531626431663061343165306466633736633765
62353837333231316564333734333531633231306633623030326539313734663938333832313737
32303365373063653634363662666364386462303861393135636638393437316265393066613662
39366566333934383339656465386266623161343862616633333330346336303233353533323930
31363366363761383863663766333831666130393962363439383965326666313538333633653366
39623034663263663166656632656235383439666633663164356630306666393462613730346636
35383636343333633834363934333030353163363138636237623035396239373733383438636366
37353133366263363465396531363931663733633564363565623366326266376664646633616238
61613761396561616631323230333431653163316330353839633735633339336238646437383964
32336332353134346332643633633862653234646366323034626433376435386664663566363834
32623732363663656632333866653532373035646636373935366263346638373434313165356665
62396262353865396262366261623139623634343334343763333261633061663363326639666436
64353139316461333535336634613535313532316134366361376434633635383535623032333038
65306363653562646662353563663366343538623035363834326463656234383565303162643262
33313566633239633266623365316132316233386230383761396233326164646266353361616361
37633262393231366266653235633530306530643433306336303362636464363463386365316232
36663063623065636234343866656461386539363264663161613331383263643634363766616536
39613965376333643934623665653536323031386332303865636138393130616130633365353439
30303762613239373131633935343330313936313266643434363637613663643135636638316432
34343763333832626338333865626234376465313061336665616336616434366538666561383466
64383038333137646632326363386232646563663465376664663938383135646437326634386234
32643138633963633261663538366463353236326465643730656136373239613739386331346134
38653466393634613839343134353934393063633062336333363032323965656166636530373663
31313563353937383336373864613366366361393866386635663538633530666531613630616264
32656430633535373163346336353764326232343031626530643261363534363064666534326230
61393035613732643139643161383831323936663336386539303865653065646639646461363766
64353737313731653834303234313266643732316466666266656466326538343262363233323032
38366366326231363431323035623637623733383236333234316538653638643138666636666365
34303863343961333537373339303633663030393963616638393962323261363362343663306630
62303532643937346562383334363031646630346231326435306566343761633465303336326665
39363330363461663834636138373035316236623538343038313435663763303630306631343130
66373139323766373037313637613962306137313761666534653237643561343530613438636434
63643663306161313132623466396665643334336331323932336238643335653639396632326233
32326361663936323939643435643837383939316334376634383561353337386337646166633331
39356331613737396661306534393633663464373638616562393165326239336539303461366331
61323039646534386131353336326439633133316334373864636463353130333264616261366361
65376435303030306261646566346663626632636533313763396231366166313766363438636666
38653161376563313837636338393962666364343535323061663134616330386435613066613234
38336438613239623236636562653632333838316262663066353563663132653062636239326639
34653336323963303962306466343766346339386433323165616330343965353862363937666437
35663235303362663561353230376438623265663266643665363631363431363737343066636539
33343261363937656361376539626130656532316263663937333538613761396662303761383630
64663364656462303936393839353230366632333839333131333735343764353235383664646264
31633761336530393761346361333637623634653838393064386134636566613335633230616136
62313238366166323639306666616661643463386165316336386366666536373437623338346164
64656630333736653638323530653735363163383161623437383763663230393435626431343662
33326435346366386536356234383637666263623435646562373665336335353561383539373864
63613763303063663464643536313536383633616135336231383463613136323732373832366463
62323336353263396464316266643064396461353662383536663539613261626366373165643333
33663165623833326131616334393936333036336130323236633364396661653933383733393865
62633166663238383864633336623238656362656461356631396133633730636437306566663162
37653566356631353238343531326366343064343739653137616264363663303132656635613139
34306533636235656537626464383266326364366431623733323133383361643262396531363665
32363234396337626562656330613833363430386162623764613864633536346238313737663433
38353331643466303231366334343238663236616636643939623839306238656437333232636430
66636636656435353464623465643032646562366235313231376664633635616464353036343337
64323532376361336133386330336533353339613166343665616565323434613664373035663135
36666464346336346334353236633831346632653166376633396536386534313533333765356437
32623332646661623937623064663664353338666434636564656336383366363332613564623637
37393063353738626437613865643561636336653163613232636634626361306636353465376531
33366165326336323037376638393638313935323062383730663632393266373932643730666633
38623830343464343434363165666566306231373332616236333838336134363636643238663638
63313731383236646537623762623364626638626434303336623861633239313866633638613336
30383034616663363766376535316665656163643634366630643561656338303263333038646639
30333431386261373831396236396630663462646137633235663963396535356266393331356261
37316131383864646335646631353736656163383533383334623737633537333464363662633231
36363035366234306431316337313566663337633237323637306265353630636561383933303861
31376664623930333761653038363834306466313030646461343732666466316330623364393365
38343764653864616636333363316262643937306534386465366436646364303732303562393339
31346132393635636232373739326564633930633532636232643032613037343132333563616437
38353639316332326138653438613432346666373339383433326462386265666337336630666366
64383535396437303833316663623766623563343061323761373738316565373937336138376166
32643264373965623838323633356366646539653835376637646464656437663030356635373732
61336332306232653862343833343335363139656238633935376139336430653662626538306662
62306462326664643136616464303633643434663430616333633464633365613366616237373265
36343432383733336662363662396666353736376264356465303566373836643639626661393963
64626461303338613765626261666164346364633265356561393436613761303631616537366662
35376366323262383661636534393030383232613135643037356233613964363936396533636164
38633535373866353765653231316266646265636331393836313733613430666162346337643736
35323832313336353166356566383261316561336336326432316631623039333363373636306633
31346461653463303566653262333833356566346466333064313062643534343865306166376664
31343561666433306561356632393432383433383765653232303237313230356634313663316662
39613632336361323530633561643564393762656262353737323766373561663232633135613836
65376666373566316332656139346134326162636532396166366162393665393230663763653164
35313332353939336430386430326431613566363134373638316263373731613539616537333839
36343165636339363934396364326538633432366364376465616336363135363436666633353162
35306531383663326535346166356264656133656365646236343433343831353362306635333336
35663632313464653030613731316230393438366631656664313436653835353539373263623833
38623635333361643866333234656236316332356438623138336330386565333363393264366264
36623136353064626632363437343565653064663330323035666539333762366232643866313865
36636233373237376133363866653433303262613035363237663237623264643231636137333064
38303635626466633463616131386165303630313539373935373065663830623935336138306539
31333662373335393437393835303435646231643932653638316263656131623766643531333831
30363938343131323930323266363933633438303135646333613966373466393738376466643631
32353932353931633834643834373434666339393438343633333038613131623865333732303031
62356539323566356461356536303537343732366134666439613663393430646166373562396632
31646564363936386561346265306536326537316665613962653634613231363836626236666231
66613932646132323762623638356463396532306363356335306563643830633264326361663230
66376163303531633162313731393766343365623636326165636338343966386364623232303761
36653265393336623134306239343239393038633239326631386331363937306164653134336534
38326435613636623932346266303538333034633732653465353233623039386337386465323164
35326666323263336566323135666265313263373434353435646636393738373065643565613334
32646136343631623033333161333232313338666534623634653139396638643235366232636132
62373566306337396234643331333133333761653337386239366430303462663864613266653066
33383632343638626132653964353232623532303836313434363964393763373738386162623161
36356533313037636238386333653166346533643263303038336138636134303430653764653264
38323631333863623230646338366639373362626235303233656163653964316366653962326463
64653835346430653239636139633431336262653431323730393563613831363731383663386134
65626537636263303130373733333731383866303838346233656336323632623662623762666166
35623564663639396134656338353362346131643061343563353265396433333335633533383830
31646634376534356337356361626562316165303934643365356338383338636330373939363438
61656638323036626364316361643362373736366437373963333261383261396239343265323762
63666639306132386539393664343537613237396237373730623631663031653939613263383639
64636331373730663533363634643335333238353237376333393062356130633432373934656666
31333439656537346462656630323061663338633539343236393134623632623362313234383065
62303439366362353139303837323930333637363665393363366464616336666438623633386538
62386565373736666438663863393230666431663061656536636438393062356166346465616365
33353634646237373437373863366431383762383936323437653835663961396634626232623630
61323562306430313963333065626432653965356538386633313235613137323565666536383366
38393663666135613335393530326463353161653030643439343462336138653334623162303932
64366637383736323636303139313965663636386331303634623466633266303439366462323732
33353434353731323962313133306230383666303963643134333538366365303037313563303531
39663833656361393666376631333333393435363363663565386164333165616466653138636436
33613838623837366365343163666637316232333337393363363836363835383935366133643064
37363534363032626532376465306264626565343165326363623466323662313162623062656366
33323662633466336566363130653838643638646633636365363839663233326636316561306465
38333632303131373536376462376162353732653231353036363133313631626161383962363666
37623866303738363865343630386533653762613939393530343537383135353439336636666432
33323665393464653139623338336434616262323933646631303134616137393965376262306137
37353932326332666531626532636336356331663434663266613835373030646165643664616462
37656639636564646635346332353135343965613462303933613333623834343738356631316464
38656338343262303632366232663832306662343336353432363730336638356464353965393739
65613439376336633064623133303266316161386134306634356233326364643637353364366261
62613563666530363536613736663839616436653561343636353438633365303862646664346136
63383235316332663835643662393665373835383231313334333833643332613464623330396361
31326339336466363733653434636665303663616530386238613133383738383066393738353030
39643764313262646662343635643039363532323037323330376566373835643339663730653561
66633330346633663136356635383231316639353066613561663864646530326235323764353634
33373863396632356463356663303666323762613861646130333263326364646239623630306232
36626462613037646564326164396331366532666237323161303634623536623033386164373536
62353237623632356362616363303965643739346265663466346130363534363933636437643962
33613564366236356634343530663962643632303965633136353536323961666363363736333636
64613838653066633162336231666462333965646230313332626530636336663738653234373734
39343265663336353635363865353335383233366264643132383963363934623764396239356430
30366239643031643331346566393463363230623963323030393764383766653966653133623063
64323338633766363831376562333761666365363236623637363063646534326132633864343563
39376162313630386634313739303135643337366530646561366139643466323538346261653837
65336138366239646335373830386235313430353266303463666261633139663866373766353634
66366165353936393566346631343538303634626537323634323162343637366134343533306266
64303431393132323330343165663661303934376535656131613066623533336132396332356530
34626639346133396161366131363138303762383837313737656362353336643334393531643566
34636132313535613263666163343565616362653965613338616562623862386366396439626430
31396239613232393961626238396130316133393762623961633664623639383662616537333964
64373464303237396432636430366464376530346265663061333532336165633062613234653031
64393062666364333337306661626530623761306265393934636235353266333530313531613165
30643737306566386363303863643730663964323065326261386432383539393030326531366538
32613234666134356564643936663133386434393434636131626132306435303863643334343963
32393034633632623036633531363265323231373766623464383064646338316633623834623633
64333230626562396331313764316637373865323533643232643062613563326164363035636239
64633265653739386564396462396661336332633263623232303234333938346463333639333465
36303638343531303334663034653161333230386430386134383137363232643434373934666639
64386464386262323037306263613030316562313039306333623835663465356330303537616265
62646662306262383836313961626136636233353339643661346232356332646462376131383831
36646563386361663435373966326564626265666332363530613333633166386530343439653663
33376663303539633931323938666562346135313664393535326261333561383637363832333235
65333766343232373834363939653464383732393961396639323439343961343830623135363165
65363034636139373638653964366337616263316130383032353437323935316634346634396562
39306364306432396662313630376366623132346461636331323262363763633864653461336233
32613233323964376437323638666137653562373934326665623739656534633136366338303566
34616230643531643533626535613230366632373136363135326238386333613633333636323338
30366432356361386663653731633930643164336435303464373336396231643136373338376634
32303335666534653163636666356330666234653931376531623831363762653263366661623530
64623464346431633433666561643736343961626664396164643439323331336139336162653337
37623266653239383731386333353263356562643338346435303561333563613738353030333434
31623236303039353734346461636464346534323836383862316265653232653138343437303530
39333134346237303737383862316265333230646163323331306335626133373763356136326539
65333736306633653033623834356636363139316532376661633866383362313561643464343162
32323436323565346363646535313331333132363333616632356430303463653437643561653061
37376162356164303136356638363435613063663864646130343235626465343431666364373330
37303932646437626438323134636431333162613132376661643631323430343130663730343264
65306232316334656236386162353738393466373138323936363535366335393262346636373565
31666664646461373137626332313039366365366532323136373130623661613661623539323634
65323933373330643136663461616563343835366433333666633430353434353130313530383861
34396134636562323961363430333562663131613664326538616635393034663766363865396236
39373335363264353737346163623131643864336439613935636533333635386461366264363238
37326538356139653336333436386665313461643561316333653362666636636534363234353733
61306163633764326132636437626139333033643030316465303566626365666162313866326562
39396634643266336230656132366335323166643637623334313665343030373661643432623031
36646639333461356531646237393235363066613334316633626637353132306264326431636266
34633633343761613232356237356563366334656231386636396261346166303331643832316239
63393631633736323130633730383939663634633436656232653735323065313431306430663234
65616564306462373863333138323762646665303430623066386333663232636365316438353463
62633762306232613635613464393330623864386630316131396266313534346436666334386261
38333631323833373736353938653634363835396134383939623965316563346264626532623935
64323564306637393634626665376564303262326132386637306466646361633963313636313239
61386562323863333738626339383733656537633031323962613437333330623564366433663664
39633164613034386265643132666336663932353935386432643036373834643164666639643339
66663430306663353966386165353135346631383832323962333033396166666234613339396139
64393437383965393333313566633039326165343936616165653035306230346563363534616663
62636163316435616365626264326631336366333863343538336464363137613238326637636233
65373438303562373761666136346664306133383066616136663136343263313336303839373962
62376639323834353562396566633266313530643731656334646332393736393464653837663130
36303461623465653832626562336439626166653161303733323865626631323931666237376131
66653464333035656533313162396261633032623931653435363137316134323336363135643739
31393962336366316236383734363136393965373531353237316638346538373464336333623433
63353638396636396632383638373661363932396132313163303732636536336338326538343730
37643664366562643662616662386637613234663864333063376264646438636434633934653730
31653634653731633339333731623532306330386365343661326235336432306664386235626633
39633965393732666531663532313134616133306262643434633265396632626239633437343139
37613938633363653864383632353934643963373061613863633164323162376132326331663434
31623031663362653264353731366432653434353933656564636665356538373037393134616662
36373339363036656239663837666536313364366361346662363037363133653535663139643262
33303961396630643861313365393433633532653132656133306164373564346166343563633933
39323636636330356339333263663764656531393230323638373765383536343664396565616131
37313537326332623033363633353365656162613165666530303435313239323237313131333538
66623466616239356338386561393739623763323235356663376364323438613265313836316461
39646437353131643032346534316164306363323832326333633763666238396161376536613931
38326434653431333264366566633036653733363736363839643363343530646634623039303066
34646165653661323464353331303034343533386437323135303835316464313532633963306366
30313231346562613638363636373766353336323735663166653466313430373234393765386637
38383862383431646131313130363939346132303531396335653134356464663134636138353064
33636536323266633432646163336134393562653166333061663235333739306336356164326539
61313934653639633062313534313038306538336339643663363063303363616537643830303630
39383232316433383434376438356265613034313835333533646433383963656639366133613130
66323962326230376639623463383136663031636166626364396235616537346165623130363965
65346565323333323964303038613835613830346439353965343462386162316633663733323433
65623432336132326265396661393761383264316336353737643263363936393862363730343830
63663063326632643733626534376263303065353164663737653834663634393038623866326365
64376662343137386233363932363664666331653134656334633230383366316263666164313730
61396365623538336235333937353365333466663930363532613331666365656562326265343336
65386237356563633564366135386462643932653038366131356135626437636533663234333361
66336662346132313530643631333865363461363539306130356363333361383039326666393132
36303731643264316161613437643638396232306334303933306132656133613237363963333236
34653565383766653564326337303137373731616433626137353239363466383863663065653531
35656439343138626431643533363433343835386435636434303133396363616237666236633237
66666361336133303830316362613462356363346461653235653931336437343030646461323565
62316632363439393035616130633637396636393763656431626465663266633861623637336237
65316232613330363861653666353234666134316535326136633965653435333830643164666466
62376631623538326536646234663639653162636561643666343035333035653639383336643531
36346631303961616139633335313563363435656165356339643261613565373730343937346661
66313564383863333136383565653137643565383035633537323338316431323364313664626532
38323532613466616434636630633637353838623163356434663831333138636530316463333065
33303131396261393261643032316430396435336539626565656630666635323335393335346464
35323139623336353063363732313666386132393733323637653732373231646463393332306538
66313032613630373934366231306337303465616332666330373835633535366437663966333835
37326131626336613363353361623862363032396637306465616263336365383437343931633161
32323463613130623939343863613830613638396663613733353261303430663161346462346235
34643561626136613864636130303261346265643036373364396362356236643165613735313936
34636564386135643936393366616638326630653930336266363233343939383834623364393331
34383664626537653666656432363537383537303162613232393838396663643232633334323430
38663838336539373134626138623334636362343836376630383337343764356534313461646134
37333962343562663636326330333439643531396233303665646161616465663434333430373835
39366637396364343537383033343466623030636263656166353534363865623365353439633539
34303665626339396530383166343562333161663263343966343730666232336330633264386534
65636338323939656233326133366162376265356535316161636436616162653537333837343461
66656335663436313561323538666230373561643632383239336264653363626537643365376635
66336438396535613133376636323262613231353937393636393131346535386632666336373431
62346361636434303265326334376537363131353236313462356661376639643139666139366634
63326438383462343736336361336466613532313762336464366535306361663034643034653938
30323731666463363437613630653366313130643238323762376132383066633530306239366434
61636330643030313934366265363063646332353563303661616535323530313636393866653266
64326263376161333965396365356532376134353739663936353666663561336565363839663035
34383464633364636538333834343932353365626134373463633735323430613863323163663338
33663438373230346364646361663965323163313961653530313031326265636434613034613564
63323266343138623435653365303565353537383234393335306432303165386464366638386131
62663238343636343637313261393564323433306466646637323438353530643462346632653838
36336536633238643831343730366364383536333233626634326265326132346635633638633062
64663634316632326364613230346266626435366163663137306139366539613166643637633065
35346437366434616365663532636561386361656366373063316136663430323437323431653939
37613464626138373165656163373533313566353934633238343837653363643462396363353762
62646263353736343562363136343762636432396662303732353130336138356336663762386536
31386133626231376164613064303235336330653665393563303236386464643138396236666439
33383338316132613464303962666132363364326230613238333864346561636364363038636632
66363334353338306532396235333839306533663434343133393738643266356266666433623638
37666133616430643065386239653066313734613561623739316433653637323535376337653433
31636365363731646131333534396634323235383835393230653266396631306235643762396235
63306663663838313130383335386335366636313739623738356632316435393938363964356136
35626135643261336338343334343237396532613732653335636336646534383339633035653834
39303663626661323333643433626437393933383438373635353963613339386538373966363939
33336536323338306465343862323631623139383837633639363261623131326364643562333765
66643238393966383932646563623335383763333565633936613564663632663230343066646362
65356662356163316636323939386336633630643938343239613161623761393139303164373132
31313039613133363639333062323764306166613436633666623565366565396635313136633934
37353331366238386132363833653936666562376364333034663666613562323837333631656663
31633431326632373463616335303864623939373431353039343037613535396331633466363765
36626133346361393833316666383730656331646135393837306666646231666366613063346531
31666361303537326435653766363561383965363835613336623439346365363733316439653137
65613436646264363135333434636131343465363065366135376336343335326133633064316239
31363162653165643862646435303032653565363138653238353031626533393530623034336565
63613435343334623135643838663466666465313338343438643938323933616661383439396663
66633236363633363130646364393435353231373336663034643237643436616635393537366565
34386533643666653166666332356439323861376632326162313833303965393262633165633030
65396238666439313139303130643634363666353066643639363637366632343930343966303335
38356336323266353966383964396535623230333138343133353934316663623165643962386166
30396431306534616535383161643263383136376463353238646561323838623063656532303565
35376533383865353938343230323732376636353239393239316132643630636331316232653939
32393339386136316438353238313938633562396639623938636237653236623232633535366262
61303839616131663738636264363630393763613232646661326238626365613634336564363739
39386665356337353436373366303738323935393037343166326364653332636639386538383464
33653139366663306166623331636534623465313562643166323632613265623238396664633234
37643764663630366134366534656130626135343731383531326565373632653335666366636161
64363330386232633132323661656534313965633533653865333037306662616332626430343839
37393631343264343035363463303135313234316166613830333035326438626266626635623365
64313665376163396133316133343036343739346365373334343161656430366132653838643835
65373335393130303336343238643832393565333162373130363230653732333565303765363139
37616366323536303365623737376665633062393334326534343539363863333162306531326165
61616162343432626436313034363135373535346132363930376364303435616333343464303561
65623737666437316238323262633438386232376266353830326264313033326330306132643362
61386430326233646534373039663863366230653532373731343763313539643963643434646636
64343335343337626432346362323839663265386366373166316335366337306537623164376464
33636233313764353464336661303662653138323764353663383231666161366633363061363834
39306136656466306334313233616339636439623234396462346232323234346231316434373039
63383632666335393065653037626137363335633564666438656635346135313235616531666564
63653032663661653866313161363436353536656637633265333564316533393235646630373836
36353063353165636665633231386135333131346432333032323666613132663738393233633364
62363161656133343063313036363838346366633139633665336539393462643236333564356164
65393461333334646163303661636265316462323461306434336536353530616463343835646533
62353932616438646532326234653436366134323732353433393265363538356437333837363466
64373633633036373364626431646165616538353835373261633638656633623337386633323561
35343733353662666235656231323539616230393332313436383538653731653334623735616664
36643334646539613438323731313830306430633366613439613331396432643537393637366265
36373438383363373961363966303034376266313632666566363965333130326633336361636434
32623133326638653139336331613538316464623931373037303837396161653530326433343964
63636137353162353632356530393436613166656461346233613732313731656231646131303837
33373231666163346466363335316333303535333036356233363862633364613039323966626430
38366536643563353438363039663063316563633765663834613532346332636262393962653166
30653634393635353032306331366133666134373937376563613163373233636335376662323463
37373936303230333335636333326264626464383334323534633238323633396636386664613665
63353261633866303536336534666432643030386263373464666431643235663837356261656463
38323463613532633133323962353864343563653362633834333864356565643931373565393039
64383236363162363236356430396534343364353036663535353635386162656663666665376363
66393137626136326231653632633131643531613161356233383865666435653261653931316237
39356130393166353565626165333363653138373635323465643033383064663038366561623535
61663838643163626332356563373130613766333466383065366533323066656366613962373538
65663034636533356335623832356234383734316638303464333239303530646664303431333335
30333133656564383930323335333264646162626336313731303030326535643534306633653432
39626339303961363032336234333862646436363566303738363066313434653334333738313865
31616333326238336630306563643361313533346562633838633536653139383636636634386138
34306562626139633531316433626638316632393335653130616636633462306639633538633965
39653236626661333761643239646262393761363062626639303939626438306161616236346135
39373232616131393433383235393764386338393833643430336234643438313064663435333431
32393362396165383735636436636437323933353231383530376235666537386266326263303233
64326239636336633964663266393531383135393732646661313566393339353465383735333337
30353838326432333363376435343437353831313839343930356163646563613636383936343961
63666137666137666437343335313630663734646464646261363965353938356538323238343632
65316530666431336238376261633735616537316537626133323164356233343036643631656433
62306165313964323963366232636165376634326438373861303030383630363361346362616665
35376239353131306630323637363662343336643939626339373236393138653366303534623962
30396436366432336163633365643462366466643462653166666432373732393563373863623861
64353463653766353664363364306532326135393566393663323530626132393136373466343530
61313630613931393063316331636239396437323764373436306339623637383137336530303332
36393862656636313263663265643131306230656238613030373934623430343139363261396134
38363334343634383438313634333031363739653265363565323363356237653864306537313338
33383639383733393636373139373832313763393836623563623133333634633665313732653639
64626334356362633134393363623732353737393736373235386563616538383438326433613633
36336363333835623065393630383462393234373361653063646130646664316661396666383836
38636233313364653761656431323564646161316634353933656664646535333762383462663032
31346262316665663330616234616634373434396432623263613838393362623130323932616132
62366333363637323064633261323333656630643839613031646430393634393733396235623064
65356666386361336134343064643766356662396132613862376366633961646339376662303336
32313330643161663166313836616632336664623162353832616434326132363430656631633638
30323539333464333061313964663034373338316366653966326136386563643937333561393763
33643431373131323037363265323961373463393430393165303132366361643266326664393337
33643066346438363832366264336434366131366266343761623736666537626231323137326231
34623964363635663634363766343733613736393537376336643162636537623435303932333763
66646164336431656139613161366238383431666233396431393033353434616233303836626235
63383965616661626164663132396536613062653534376534626165343233303930356163663363
61303432323835393831643039343639623030333862316634393633363034633138636135626130
30333161626439643565393138623637343566346265373764366331633961373764303039356139
37633839663833663961343965313765396133343634336361663939633839336265306639656632
62373066643466303639626130323939333765343037316532393565323639373664623739653134
38353830393633623138613339666238313661346465666361663136666562663235343233663337
64333265313439373165616438323161303834343634356462613339383035636566303863376166
31646133306563383339393534386163343366626263393338363462396331616565626661353634
36663466333164383963306666306464306364663030333833633939333331363539306134333833
39316334376337306263393364363633653839653835663136333366396664363431623433326631
64623562343166373863383263396436323039663761333539336137626162626463316565336362
34636637656533303431613734616237303430373131656465653933653962393366363331386165
37313538373130626432633936303239316465363463616434323066333333613233633138643134
35303662316562393338666233366434653538643663373438333363386566383235633162316666
62363134316436643534633163373761663061343163363362643066396237393434383034626234
38613838643935363263383035306531396334326630623837363265383830366465613566656238
66353232623131393961626461633666336439636264383937663431303261323531323831376661
63616564336637383265396339316666666335356335613731623864623662346434376262663330
62386630313364646464646263356131373636343031653231393636623032303438616464393864
32313739653132366263643239633931613838643766313839393334656438663164363338373533
33656435666234393633306361643265383861346461353162656162653532663036333038356539
35616633353365643966656130386438326538316464633234303864626333306139376261616564
34613261636337616239633531373231636538383731363730346533663635343333333466343063
65663861623133613566383764393463623563303234613565646630633631346337663463373738
32373963303566383863306638393332663338346261386561653662623062346239626163306639
37316335313439333235656335626339626139363831366138326364316634373031386337353332
30623238366530356261643962393931356239633361633764646563316634653462303931636436
30346664393835383836303764333330663831623062626133333461646534616432393033353362
64313538633630323635643165666437636139626433626334626361653233353137373061323230
32393935363539376430633632386562363066383837366264343039373430313239663439636139
63333066666131303563363162653435393865646532623766626561363232316533383832306233
30656537356661623936363036623464393835396362333766653832386634663934393535643436
34623832376332396232326264323339343833373838653762383337626639366635393965613164
32626232613562663639333238643265343665383364323661353263396337333033663931343765
63313935313939633663333030663431633338373838343264343062323764396131613736663261
37333333323163636561383165333865323531386266323435333066373431313935386130393637
64376237323231646535376663386363613038633330623461386166613936386263626363636139
33663631646237393862633565316335626536666337663636343762663564306164343864316630
36316535333031646239633734626431333764303138626231323532663035366438346664363966
34376537343139396333393536643239316639666537626164626461623732356639386566306166
66346666393539376331613836366438333066653334633265303665633061613638326463363932
30616435313162633966613834623431626262663361323639383630633333616535663830343838
33366637396562633439393365663438636433333630343832386230373837306234306332353336
32623832613465653231626435623365353036303737383637363535336565323537333663623839
32616137373463316166616661346231366366623036316139376339613835643263653661633731
32313563353138363238643633363861313562653038323934623166616637616431613431633164
66313032346263393833633837613261383933336332313861616330313137336639306362646263
39323636626461313732323733616239343037303661626563623435633662346333383333363232
66313639623638396431383963646562343865313736303766643061653037306239366562623734
38386234313062373663383833313531336538636538373462616164366135666463373561616535
35633433653030616536376335643261356534323730386334343435613762393361353030303137
30653832656365336630616131656262653538326230633462323434663938336131643638363761
30643034373262376163643663666638353838643232643933333835666338366665383762373066
30363162666438323337383330326433353366316435663363336132613466396138666535333636
34623065303939663564626536633238366139636665356563613938626436666134363935616130
39643962383562613337363032386631393162323536363930373736343366623532336131623837
30613333616537346563343065333865336435636536623162633439613631323630376435383236
64316162363036646536373865323433333461643132396339393830343763643761646534633631
30383737323537323938323365666135643161656134313634356439386464646666363630633736
66333761646634306639363761306566633838646236383066663530353239333631343530383330
34613262333531326366333864346136303164396162623862313232366362626236303536386362
63306433663035363031356462323331653364623639363935363166616632336632626266393935
30666465633731343364386537623963656561353362356537643332663538313134623334643266
37366464336337386533623331356639636633623237653934366332616133663461613233343038
39353364313664643337366639366535653037643937353462336532363532623836623633346632
31336466383466636537323536383666643230326435353637353662623566643563356431616330
39313536326561636334323434383431303837333030643439383535386432626332643034626564
33336465653832316264613565623433376136623539626133666461646431633035356636623130
39656264303430313863343630656662386361653738376137326532663030663464393936376337
36646665653264326439303162383138396134626566663237383266396661663262353231393763
37626364636432336362643438343937363766646562613161353863646362623266373138323032
36313233356162666461643638326564653262363738653733643435636235346230343330386462
64396565623366353837326261353739326533346131306135623133656233623936353433383563
32346463373763636634613032336262363465656238393438633865376336646164333034616161
62643266346266383965663437333134613839643331366235346361653537646433396532646134
66646631303066636538616435353537636630383938313164643031636438323130636135366666
38376633353062663132323465363066313935313063363339353433366365386235326364396436
62353364613437316631303437353834633064393334663036343564383039353062376334303864
39303863663364396138626462366337653834623066343065643262653438336665613630323031
34643561633063636464386435323832353831663831366665613437653161626332366465396337
30366338656632306462613538666430383239313630636364363265336364663364613736626139
35313963303466383661623166363830353261613731353830306430663539313532653139646438
64616437623730393837366233636263363434393062613337626230303133633133376438653066
34643930623661363430393030336361623733623162626130343136666431333364336631373861
32306539383432393064323636636238383230353564663832386231356233393832393964366565
30663638303733323565653666376131346632346532306130373435623762353061343234323936
31613834313265653965656663336630383130333464306634636332323366303262666461343761
62336166313066343831396136626238336232343337646231636339353063386237623534303561
39336538313862663662663437323364663261613333346238643562346236623466316266613032
65356531623861643464666366373739656631353137616666396361303634363930623136353238
38623561656532343863623033656666313466623566666130363666306535653237613538303037
38636462303339386432396364316236306239626233386137656433383734653535646537376263
63383732636433303663636232373338396534306233343439343738653164313237633331663936
65643166653836633066653965663932323736343338366664633334396533316264623064643463
63656335313565313734666533646632643333363939636431303735316234346438346664633136
63363864636531623336396233346432326265623964363465393866316239633564633362383630
62653032333165323236386630336635653037343839666339366137333737303233363061333166
39303662323637623866643761633734663035376539646234323966333663326338326632626664
35383836313362313030613337393561363833353236343366623063373731326138653361633065
66623939626130613530633261313834396635363232366536353935383962653734366339636335
63633034326530393239346337643932333061343138366633646539366463343136663366313264
66623163636332616539626332363232613632356464313030373332633064653333623930396436
61323032643636363537356536653737343663313237643832313539326139343666306434393234
30636230666163353663333763626131303434383738393064386463346261643035303938336433
65346539343963303762663261643936316430376264643066623932613234383562323134323132
61643234626536376333313038306666306335376236666331323061306531376361303132313261
38363933393466316261316166623863346335363963373264346166343733623835376363333733
39353430633164366432373565393833633431336463623564653039633261616236326263306430
37393932633364643365333531643232653262333931323362636133653466633539383765343632
35346263626462303731333938356639333462313933326637383461663962633532613733353036
37303333373533373530396463323037333061306663313331356134383033333832613031313232
39666665306339393863653438623638613231343439353233366261373935383633313465303933
66666662666531306432333463303633383966363538393365373236373339373064303462616630
38383037346433356266346637366539636165386263303638663232626436306530313036633662
35326339353362313938353265303339393138353036656338646334393765613833333539363832
32663133613763653134653864356361626231333364326565303439636661343833373634353239
35653464376330653832633137303930306365393662646639333935303465663234356338383863
38396338643732643039646531663065616631333264383362386265666438346536313239373438
35343163346239333533663238623736313065386538363930616666316562346237663338633136
33353239366666343466333837313764656261376133376538653863353334353563653934653635
39653662366637656439303438666538626563643836623662316539366136353261343631616335
32383634303862353964663936386134646233636430616463363737393034333833323337626162
31323537316231393530616430333339373631393132396632393365363234316438373239303536
65363361383231343939653061653235353337353438383564333166336266663632303866646131
33383039623365326639366662353866343864333234386235643837366631363336363663646261
65653031616538326438323737393636373233613739623563653161663233373064356665643034
37303930353663623230623462383061656136323333396234363139306165316365386335356534
37396439333130386437346530636365393335333864366132323338323138383030393365353439
31323630323233653862646664623534303839616161353731346639336165626531313530313666
32303131383261396363353665343935663430663635346533393038663461636637373232386337
36323665346231613063313733356237373032316563333761363232623633313336663235393339
33383264346561303133363961346534373234386331383466313066613531336432343633363866
65306338373264393232323630343938316531356432316334663934346466653465366532653464
66376561306237336663633763333532616166623338653762666139663132626166353630656236
39343933396461343837346337636564616361663863353565363765343961313237396436336435
63656133636162616561393235363264333566373733353264356435363163396163383162396666
65396165343236353133343037326430663366343630646563613764376337333964666233333936
30363661643766613135303333613630383232643938333661393466656535393962636466313232
65333738653330626234306533643932303337336164336466643865343239623866326139396538
34616634393736326339326535386537373366666532623635353465313334353637366236336161
30363635376362333437333763343737663839323339343439316166363831323833613830313234
66363033653433313835623761393333326561393531626162636135646239326332366138396161
37386137616633313439393730663935636136336265663936333365383064303332643836636462
65373461323635663036363832376338306662626633343536643061313939643761333763323033
32313739643930393932323839623436393762636664333963376439373532666261386539353438
63353330303563303961396339383562613539626139326462353261323833663632353566383763
32356265393964633462333836333465323661353737326534313538386464343536383366393730
39323664616563303333343864333562313637643366333262333337636463343939636563623131
65623539616139653635353033333437373032646138383763373762356565633331356432356130
30376333393034343364623864376330353664323762653137633763376231356464663930346564
31353663653063616235386465643035653633313938333032306562633164646537386133306364
65313135366362386633323866623833656535616463323532623564326265346531323963356435
36386163336365333435613762316538653735613733613932343536383937353336613964653137
37626330363932653361646566616232613061333838666537303262623230636463336564393466
62633563386362363037653830323035336634623362313735653737616662383134623233623433
38653865383063353366386261623930353039313536323035363434373734333430333963633339
35623965386635386462343338333531666435343236626535353439393065396566626634313863
61366531653465613637633365396430623536613261643266343361336633303561656139633935
66396639323037663165653066363161326634653435323838323531653933383030646335353538
64336161626131336166313737646637653139623537326562663266613961643063313237663934
31643931393765613163353638333361386332336235316635656664366666366366343364646433
63316262343561386262333432306537373135333032646439386264376530373365393534336461
37373064656131653662336130393762313639366664313135643331616364313538363063636564
61363361313138396533376234376233363337623762636534643761626131383161333266316361
66363263373039616562316536376138396263613639613232333563653134656534653538363738
30313366383133323434646230363730323961656239666130346637313039633463343464643437
36303739656439383035336166616362323563656639363330376535376436663465613536313935
39346466316661623761613130373136633665316266343936626132616134393064343634373037
34343161646165636665633535303363353435363639356338366561303433393031303937313962
33633965393663643236356133646133643133326661323537323763313362666236613264383865
33393737373162383537616335353336633736306535653366396164323530636332393937656632
31666365363239343135376565363938303233393265383533613430303735303237313434396431
39366663316637363562636666376262386163393762643834376235633362353765313164323263
61626439333263643663323932383534373366633162353632306335313035613835303036623165
34663061393066613962333239626437666439623439626139666535656539383133316330383533
61306164393235353363383535306633663335663633353535643432636632626263396136313765
38303630663937663166366536326430343833633638366564633939623636363265363238623035
65353435663264643830366535643061393833343233646337306161313135306334313763353632
64396237643632626164643165666633626336396234363133346631313438393238383938646535
39313335383061623237303635613366633062316533356332383163616333363532643832613731
31396265396562626563326637303839373866623231663930363338343132366563373033363036
37376231343463653237656134333833666334636330336437613366306238616232303761353436
63386335383534383664393961303763333338303463313534306565306562373439616231386432
34333438303933356264353064633562373366323732623933393164666531613265313435663465
61396261363839303233356232393065663661396363353362373634303238396431373632373738
37616436613930633562646432616161656361393561646461363065363561653531643263326231
62653264333134373132316434653732623463313334653166353036376338633661656532653239
30356266306432306162626639386134363634343461643962303461623165383366376435373130
34653537326565373461356334373532353239343839316438313763386361633031366463653766
64633464623834326132643938393463666164393765303063306564633831396433383033353666
33643265613265303836346361333265373735643563366535633565353463663266396633313964
36343130633561613138303539353430366266363336393763326136393164646262393830343938
34333934383933346439623838656433363061313735343566323632316430626261323932623266
30376336313764653335323266653132303937633337613863656665346536393330663566336132
32653561653430323436316333353762643430623930363461313465633162366335656530366338
39653039366564363461303434613239663565363762323534373965353766333830643936323663
66366465323762646531396430646234383837633931363063613336633136636539623235333566
34643231386533343236306531363736333630393061386333333065396639636663356433313135
36633538393932383739613836356264393837653438653834633739316137633563386136383130
64303938613835626338333933313061376133326331323362396131616635366366383964306131
30313735383739373964636539373834636333613939376633323239313739653033326135393866
32373563316162323063353465366537626532303232313133346331633664323334326532623132
65363037363431383463
