$ANSIBLE_VAULT;1.1;AES256
31313933633136353832633433303162393333343062353930386138303439343335663865356138
3834393261616366306464356137376633636262353463620a646265643161343661353932386235
34373964633939303334366561313263613536643637643133633961343835306166313466316339
6561333533646261310a336134353030316632323465316561613864373938383635316437636166
37623530396136346438613534333930666437356334646638386533646365646234383730323839
61326533386663633436343234333134656366643334646466363066626562396165636139613033
62333062396639363933613130373237666235616332383632323064306363386162353963623535
36363830313038353231336539376636616338633062623533613163306437356339343461633139
66373235633935303761376265656262323934313763333130346234363238666664306637303333
61326438333562663533613566663033383432393163653637353866633733663466303036356561
37333335613965376362326639663635633564636134356164626135626665393262366330653133
63356662633931356439343831646538636538373264393038313034643837376465353236613364
38343162333230656138393863376531643237623137626538636436383161393531653334393138
64363735336463616335376263396336643035643838366465383731623363343631643434383766
38326462613932346262356236353733626564363136376137653361303561313935303263666162
64636265393732343938313761313233383637613938316565396462643130373633663061343534
64393865656165356662623130383338623932643862373737656666303263323935303766373666
32326133333639353334623962653362363035333535376237383339663762316566623837373132
62303063396562343563353562383664376533353330383461386633633634656333313637343066
63323833356565636463346630303564373130383334663932383964323766396138633261333037
35373333656563613932393864383634333334376138663838373264343264643864373166373865
34623563653331363134666533623365333633366532633535306265303762336537333439386330
38313130303365346435323166363733333263373266323763643733376161616638326166323464
33623431366138626331343032376636306233313632343739646137343537326132393035313737
62363562663336643263663539633735353163386662326265643037323138376339663939326530
63333361623230356161616132326635393139353731653738353338636562316634666361383964
34353363326536623666396531393439336664343461316537613635633962343737373466663862
32373665363239646361316439363362643434396637646535353136393531666637613536393234
66666330363934653638383365373363616163653066383532353533623264353533393239633938
30393437323162633663666362656238653432393962373231663032623261316538643633653331
35366434613061323062623435353631306536396162336465663839386262613834666263613261
63643733653031336539636533343337303633363633346432323330373436646165313232386432
32653737613061626138613534656130656565346265383530323365663761613530626566343436
38383266383538396436313831383566643939643666623931343835333534656134383737393436
33643464313436376363373430306363353564626262623338633632623162343065343130336462
61386462343139663032336439643566376639326365343930346333646531656138623136383666
66666338336130316136376463373738616461353839316364663866396538626564316364386135
33643333373638633238323432376562623632313133653132663336356564323836313136393036
63303631323061353533306438343164623766393464393962303235616532383332663032663031
64393465383635643931626537313834653631346536353930666235376239363565656431326438
64313465393230393834393965623933376431633839643339376337626135656239313664303833
35346338386538396339383765393163653666366164323536666338396534636266303061653038
64373138646331333631363433653832636331356362313063396261333663346634633732366230
37396261326634303230313434353438383232633137353533623338393039306337346339623564
66646665653430616332376133646161623038396561393263663336336433613435333839336131
37333336653731336139366666316339623464353062376439396465623934663036396363393037
38336438336636636437396461393135663431393336643165333331653634356662653539303237
34623766616337323231316363386164316239336333346238393464363432323234356437653337
65353033636536313666343438333066323635633466393664383162323962323532373863656430
61303665353130343861373930326531386262653536653736376330313334353135303735343837
34376535346438343964303432336135626366356664393735396639636364396534393865626163
36626131303766633831386561656339383662656637656466616139306230323564653463663532
31636136336132383764653362363264613565393834376236646464323732613931376533646433
36333766353036393937306434636535613839376566343861316262346665313665386162356236
31386434363739626338336536303033313839333436303436313061313630363835646236366362
38373736306238306430623435313433656463663763656263343366383334643834343433363761
35313535303839396366356334376434363931333361353636303964326531363330383037626637
63663338363861616535656438636637653039366630616438316336323838396166333535663231
33623663633434623630366230613036396137356534303036383665646436366130666230373636
35376637393737366363613865653665636130326535323930303562323436363638656235393866
37383964633434333461333039326631613636353233316535373931363863303765643964356364
39303833326239623839346231326334376630363263386235363364306632616233663466626336
38373532646436663265316234643563383637353264333265666661313636373966623739303235
62303861366534616137313464383463323334383762363964323065316661386561623932623466
32326437643363376164346433386165343937646433653262306164616438633930616636343065
30376563356134323939346134333331323034323337346632303039393536626239643865346366
35343164633339663262373537333632643566356238363433356132636238386430333639656466
30636333643637373535333963353638363861393264633630626564636136616534313230393562
35663337653434613132646634376438326366333639656539326361613462366337333235373433
39373535663864396331313065623933363161396262333434393734633330393030656433303730
63313164663265396166396532323161323435666234336538646234646532316239363833626533
38656165626464633261616533653232383533303363303337316435396631303662663361346265
39616130383230366534396434313933393763623865326539313766386533373837303133393736
66326266373665353330623563333237633563373039303836366461393032613462376330303434
34633337313836343033373762666438363266616231616331646234393135303665306438633564
66643731313961643833386536353239373930633339326634363936626130356134633238626639
63613038646230646237346462333534396665373431346365303066663663633131613335626636
65636432383930393839363662353162363633336666663066636365363335663335663063353336
66366261326362326464643865326333623335653039383138646662366363646634616466363564
31343539386163626439336531363038393132303661323865343438346361636235373966376564
66636464303266633935323862643065666430613030393337303932666533356132366631666634
34613865306432623964373936303764373661393832643864313033386634393665366564383962
33623039323930656636633037353536366538393933366433646565326632396236393734313436
38333939646436356663666634326665643232353235316338633630343930386238643737353965
63323338346433613865643033323131643262613064666134356331636437323539376134356163
39343131346335656434373632336336323730373233383432393961356662336162323237356335
63333538393462643637656664326432663062393439306632336330613439303763336635393365
61323366306235633533393563366462646164343065643631383037393434353436393663346635
62653337653136366535376234366536646339373639656463363761666366323263393033366339
31663864336234336165333033623530653466313833393530393562663133656632363065306538
63346436366635663762646631383263636666653732396135333563373565306231353231353563
62366361303164636562353833336135353935646662636236616133656164616161376535373066
32303934386237373463363837636263626231303065376361353466363665666164646637373865
63376135336638343439653365346333653130643435303636653834353639303833633463366163
30666335303636376666643137656235623538623631343638326435333937653761636262323065
33396463613638666338306465326337623362376535636436346637376134353263373966396363
37366533633635373339633932326661643461323561653136666238633236613737653930353033
61393536356233623736316638383564656237643565656430333931373663666166376565323264
33363637646330656561376165616230613836646465653261383663353837613637333866376430
38656235636339313235383562303131643162653364643531353633346364326663666431313938
36663939316363303863666563353037353330306630623963303532326139356166346631326366
31653838663531373434323662393036343061363864643236633163316264393762663732363466
37646133346230356166643632633936346138336566353731373762346162666362626639666438
31363135313930616134313031373063643933353363666365633965313438643263643161646638
32373534343966363730396631333432666531346562323963353130366633643833613730663734
62323132353363626130303931326334646231396637393264643839313734313564633864613634
64666664643236643865333037326230353464366665356430373738316437303232636564393634
32623032613165653861356331653231663539663934333564663531616630373661373561323235
38333730316636373664356439666363333333316333343465646363323164363835616434346165
38376133653139313164303834653863316138663038613132636466313131663737623061313136
61623435396263333336636562613639393065373132326362626235303033333261333730303263
30313263366530636464613166346630306162626366326130373637363563383366393862396631
63353131623130643539383361646132396661636132626338336263323161323262376666313333
64306336616139393566333461343631653361643034646161363835633438383465323832316565
30343162626638633065333330336236633537633239366432313332393766393030636364636562
39363531646165383437656634333763376539333566613063386338303137663462616538323361
64393639303336323361303965396666393766633235313539616136333064343438663533383736
38353335663531343864633035663136623961613236343464323636656463366661663833656263
39633937346139636637323262366439383565373330306564383064616430386230376263626662
33316335666566663230306634323437313736323862623735366533623039653439646339353834
63303361393637363738663234313437306630323439303863383431613738353532303635653036
63336534623539303264663830633165383034376265383766313566316635383736356633653636
61376666383966393432366461356664303330613038363762303735353438393838306535626663
61316135343036333666366639303334346565353263663536663466306238383266633465323065
66363736363534636639643863376533363538326331613266366462376165356164383537323534
65373964653539623062313964326566643165323138653133363262383639383265383230313465
36623762656332303134386361613564323237643061316661383735383265633261393230366466
38303830343265303362326239663562313761633665613838373761303434343231636138366261
61663164613232393966626661323735313365363666663363663136316436386139616339353463
66376233363462353031363063643038316335363836393035633736376434353630626137623264
38303330303430636537363236346133663862376561313762363661623065336464366433393130
66316662373032623765376364343633353639373235363332656336363861323066316234653465
35386238363635326338636637376231373332666564656461363638663136616337326630303637
33653663353865666637396361313665306366656636313466653039323931373930663631366232
39363861383036636638343765376233353130313466326461383838653431346536386131646563
30653438396134666332386236623964653239353834393563383538623631666136633038393034
65666339643466343534373031343162323464343334303936666664633732316434303631626665
66373537623231643735303535626139653862323462376662316638623639366630386637356339
39653232333732373631373735383936373336306439356437333364333661396361373162343262
62353837636331363036666165353139366232323136393139316430393337323533656536373766
61356330393437633430656637343232323064373237366237343162386538343132343866316234
66613266373961623463633362373335616663383131653836393435326531653037396135643236
35613131386139336231646237363230393365366662346236353239616334303338383763626564
65666630383537366331613339366636653661633531336563666662336662396461653664323039
38303063373432666433663231623730623462396565386431643334323565373036313339336461
63333435346562636566663265626232656263376335353932366235313037666663663033656634
36666466646131636539386363316433616363656237346433383265646638656633393938343330
61353363323432386431356538623430343064623262343138343264623438633562333238346164
61346463346264613465346133356166336239393334636265313235653930383039636139363733
32613164313731376363363562663334353865646339376266613161643734663235656530643439
35373432316233643939653665313231643837376432616364623930396238313838613165363935
36623965633538626665316135333937663037313134616564353566363036656534623031383731
62666132393435636336303234373964303033343436623937663735313036343565636265336637
30396563663132623038353933626437656134356131323561353833626334383238643866343232
30393764353062653565306239353436373231323136373039633532366434623361353961623739
33636366613135643664313530653364336337363131633732613062633930636634613635623164
30316234376434353634396461373161356238643536376363613030323730336535363831646462
31663330393364633933656332613831323730373039613264663064396238656536303734653266
64646533343365616634303830316263643461343437393731343365666662376439313763333538
38356432346530333538353431366362616463623938623734656665393230373461383934353635
30666630303863353632393638353866316138363137643662663466393562343932633230353666
62386432306630386162396638366537353636623035313036636137363363633536373334333763
30653364373139343366356130363464366261666330383639336466636238656430663039333032
63636431623834616235646633623137356661326134373333333263643131386134303564333638
64613531353062353465336561613531393266356430323836653866323031323763356465326539
39393934666337613039326463373239666230666633383062306632656333333264336466646236
64326562383839323666386164303837323339346261313762653030623633386539376233666561
32353565373636393030326137636463353063656332623039333438633735323365343763623761
31653939376562663531356332346165323335353736383766313033623035663864613238366164
64353866613733626532636163343531363664333333633737346166353331343033326363366539
66353237623062613332393166363066613935376636373030313233646237363735353833373231
66623061636532336638636462366637663966366636613565393366316264366532343939663435
34343233396533363866666432313764646635636464666432303461633261323730613933306235
65646131626434373533353265313336363066343865633063336337666336393130653436346665
38313831356662383038626231306139366561356238643038636231653734646632383065616538
36336139333035366332373739313739343733333263346564383239353135383135393335353035
62623832313162653737616664343565643937316538306637666666363861656132386230366531
36633362646666396132356536333139353132376462343530363039343138326662303562313562
65326539363831343532333236333934376362343965626334356561613335613361623366323735
64343462303063333933343031656533326562343266633737663639323265393436303764623738
65393137643934616539316632323564613438353164373162653064613833346135333233386534
38313836663863663564613634353438346662653332636661393530323038323665336464626135
31653964363335303933356262646138366530346434336337626362613761646264346464326563
37303363306632646265626539663835323937396633316261326333396166326236336638366331
38626665333764376464663466356232613939366238373864653833383733633538343436666461
38393762633532336664326237303163623138633663313530613762393962653232306339313232
32373434653939336465313463643262303333306565633238656336323361303665623133326666
64646333653838653032633639396531623963333165663532623534396330633432323533363563
39326235613961386634376462343234323361653535656463323434636635366536373962656636
62366439363536343835653834333963656362376237383332613265396463363338303331643164
31633731323439656633623537613637663637323835386230323362303333313362313739336462
34666564356364346363393763623834623130623064336235643165656236333236653962393933
33333637396166643239316661336365633266646631323839336638393038326161373762656566
61653234666466383331376533323230626538343735356632333234396564393566623730663137
61613561623730333230633064346330663432373633363533383166306236303461656261313434
30356263303166663362346663363631343637616664313566326234303439636461663762306364
61393933643534396566393733303738623666643439333239366432333430383833643334393466
31303130653261393932336632336536613662373931393035616231336434356135613536353135
30623636383833373630363533343031393466383531353762643733303636373861393633623934
39383339646364326432643461633564313132343866356564633733663338383537373332356335
38333531633133353838353365393766663733633831613232663166653738396164313737343431
66383261373739336663393235336436303239353238323766343531663130326431316138616533
36316533336137353237343965353931346234633430666563386461613161396531393061663462
61303263316138323332343862306663663931393830646334396334326432356664656335656334
38613433323562396165646362356361643436613163316539626231636164383430316366376438
63636634383037313262313933663537386234373362383761383833333435366132323131323438
66353265366566393732653831336261666565383636666661336630316335626266666136323966
66383863636430316363343539663938366431613463313162306432356462336464643066333334
66663365316432326539663963616237326235393362356332363965343334366239383163373234
36353332633437663731626161663230353836333937343036633163393961396166653836343336
63646631326664666165393335623333303765646138653430633966646531393762626633623739
64356135333634616136306637373333623338356261343932646337373463653362656438376430
64616531356636366231383063316136613363613237613262656435356239616638636437316362
64333366313066343362393766626530316164633039303130623732323365626465383039633032
66616165316234633937663666346432643961616133653733656665326566613335633034336434
64336532653966353039383535646435346533396534663261353638633065636431353738306434
62343165623233356336313166623364336364616235303066333763643766623861333338373436
35313236323762633130376333613863316535633735336662393061303235643336376266643063
36373639663166316430313333646164633637613163643161323465316536653834356333366234
64656463613434366232393065633737313865386539656664666338643235366439643463303463
64356665643261396362353839336639653738323138373530626638633964343966613631353865
34643434336365653836363464626236363034653063363936313262353735383562306334616561
63656365646464323131303864383666623064643562336235303936306330626262636337383661
32313137313264386533646136616136633936316365663964316338353536616137333765653538
35396466643733653938313337386463643938396561333535613665373062376432333535376634
38353037346361636565323130666566316430376662343763316631363535393864323033666665
39346632336236623464356637343532303031663065323238363036356630623231316634383231
66656261353165623538616165316162633637653839333133616636396161346166353039633235
39643035323562623432633636323132336630356636326531373931303964383861346463326238
64653939633762366138323163396534316335623864373539323130643665633830323664333232
38653031363838333464633861663664333866383933623362353533613531303531643066383537
64376365356261363364646336656263616336306231356534373839353661356634376362616533
39323762663939393332636466373936663833373035353437616665646238336239363966643735
37346634626331376466643139663562323662353233333937353338383639626433303639393030
36336438636231643339626430336634306238666165306161656139363631376166373534376461
62306132356566323631663461353562363237356266643734313136636466666266373131343438
36376234346338306431393232303361633735636133623766643639383737393237383338616233
65383766363631666363356330343036343132303939333937666537646639313166633234656337
38393761323934663761636434633462633163383865653332656563316331396266333632616463
63623266353564656665326634363436653536633063663339326633316530353633636231313462
61643233373333323139313933623332306566663233336430643939373436363232366435376665
32646133353165383464653966353765613961643564396431623737643764376633343739646237
34653666353163343661326538356431366436393466333837616638346562633736313962396632
32313162346263313633613964646561646265326166326166663334336330393439313763333432
63366630613032643934376138393437666533643562363231623365633831343239386332393264
62363766353463623230643733633763303435386362643237643735666265663865396332653335
31313561646364666566626235323234333164343466363561366336383334336131303939636636
33376138613962653636663861353734663362393437613337376266323136633137383036373862
39626533653461616430313163383262326230336238396636396535363936323030316366623833
33336433653265353838353638646533366163323362633138646665616436393134326663353537
65646565636139306435313833366630386632383936383761303063363132383136356435623336
62316662393561303361646632373338636134623231663562316534383432633132616131336533
36646134306435363437376263303064383332353635393064643061336363356262376666636238
35303138306637353538356236333465353339643336616566376232306538363964343962383230
65326239656332366661316137376338353165303631623730666565663030316564336437643163
64376333616164376439326663343338333534316662653964303933376161343864383131646234
37323462313261393663306461346434313233373635343639303635633662613137343966373133
35396636663031623562343161303131666364326435336261643537666661393565333638393863
63323633373732313635356461316537613930306130336165323863623830656465386233343161
39343165356230353063363334373634373466666661353133666366346239326138306633306532
63363965666435613962323634346135306139363636376435393131313363356563373234656466
38616161636439623436303336326636626265316632613839623766313639383535313037636638
62373931663135393064383539323465633132343930363638303362613735323032623532626462
64396261313837626233643864306537633963303365363632663432343464653634653231333938
61623063633463396561643261383330333131646166366265626330623537303263653161653661
63633661346432356561323830343932396366313938636334373665323564336433646666626239
65323239633231313937313963396266396665396166626430643235323064313538343639323962
61393361656163386131633534313762326564356537303664656230373534356630623162346661
66303136303461393233353066323538343636393465643531333963613231653837396331636133
31633061343130323763343562643834666466333862646366383964633934616665326461366439
62636536626361376232303037316539613064353837393130363132343162343737353266613537
37653163633239303163623134373462666566663433363834313761313031663564383539313232
62393938346137623430613361373266623165646637633339393864353932643930653136373939
35356233353133613130333131383632393461653633626561336334663036373764633162383762
61316330316334373461303734316565636635616433626439646462343962343430366665646163
32653132393065643137346339306336623631343264303835653338376363613336393333323062
65633632623265623161353562373936366533663764336131366538313533643265616434343630
35316234373534336165336630666230343933396535613163363736356531366663396563303862
66633936633463633563313962656264353238386631653564363333316436643535623737346532
37333433643533323830613666666633373137323035656263383365313063633933336330343233
35396666643630376430393766363162623165323134373031363438623231373130326136353936
61646164333166643363623034356263373963313162353931353836613136313065363730333666
62323935366461646535376634333830383636656534313537363566343765353530643138343366
31376362666661626663353631336132343334353935356361353731633961303361643836323464
36306331343939653132396632336334383031373863393230623066393663396135313232626662
66366233656330323130303637636238326334616664613063313665313637313039383565313131
66333637346539373539343732336234323161623666326639383039376133353164623433653963
39376165336565386432653965616537386135393333303730626435346535323066373138363361
38333732333765363036623632663233313130373664303332303930316137633634626232363861
62653733303331343634643761383465383638656165363636646430653164313764393662616433
62383033393234633635383733393134323534623265613031323239363463326634363435623564
62353730343839366636326637396164323230666238326332353861346461356564383764383534
39366531376330316432663833316566656232386239666436643164316566383266613265663838
38613931643864666236316534623633326435333633616434333762383237366336666333383365
63336432646663643864333834623535663037363862326439613930613034623365623765386461
61326234663133663064336539363464653436313138326131396336333135326666656533323034
39666461333537663337333931346633616136386166616238316332643838333764346339323832
64393263396337363033643630646363373362343136353962373534626664646135356132356162
38623335643832343435343763346430656635343439346433383963306666373331633838396138
65366331653166626132346237636363306639663063363764376235626638666234623130373733
62336637336336306261373966343739613339303163313866616532353637666261383330366137
39383730626135303861343833646266393936653439386361373134663633656235646239333735
61333137666165306637396465343131323932636363613839393236636464346562613634316562
39633862353633643539636566316362373538303430383436386462613731613037386663313566
30613430633166653632393933623263393061643239613237643236633534373033333463396663
34666135366364306432653234353337376236363238363332373564373161346438396633353135
65383764366661666434383831333565623062306138313737646439616434623861376238643637
30346363313262323035383136393864653730356637663630363732646639313338353136366261
34336631393263666139313363643731396361353066353165333638383064343530323562613662
62613661303066303430643030616663303434373536333437646433303733363463653239653739
38363931356566323462623136323662303231663939336336326536353362333661623535393164
36333136623266356165366365383338346161633061626366643730306537366432323765613666
63333439343132663966313830336336303138633863356235313534653938623334333265336566
35663931376238323337376635646335653963306338653561326666346665393532626134373038
36356336313433333835303464363032353038316661363336636563643131316130623437363861
36333165663931333466386462343263396365613666353463633330353836613238623330663436
37343832376438613966353739303331343136663730376531326164623033613535303364643030
63343036653635656539633333346637656666663939633566623961376132343833633831373533
64306639393231656337356234626537373935663165363933343263333535316333616262656538
63376430663930313737656636666530623038666362663439373835636361353139313834343337
34313735386463363530376536633734316236653336326566373839666239373237616335396162
33666438313637316135353364333565343438636266323162313232613966663462353737663664
38333466663865323739663330306365333836313964366433633138386230313731373536343434
39353537613330363164313434613161363065323361663863663334663331396535336130393436
62623335363636393335633938326430376638663462366635373963666138653261353431626638
33313932353430653766316163666165623664363430353733653337376262626633613935663961
64663335366539323436383631356131663633663264613536613566633864393334613335396235
63383763633835653335336362393063353430353636366362346262383061633533343630333966
36656666346462376137626136613836363238656633656262623261396261356238666366626266
30373761633337653139376634363239376137623538353631306464613263623032393663316365
64636361646237303035636333373432633365643537383961636331666434313337343539636566
38656331333166306339363037653965333938383063373365333937393364376438623239396466
32333739626630343961343462613939383739633662336464346366393763656664646265656638
31363031613638613434626266383262346266306432663734353564343161353564303637323738
61396238646365636364373965386466616432643661643834636563336263643137326231313633
66306434346166626166633433643861313034653933623265616536323233366361663533633538
61643833623830643866656663363930626137656161653636393930396364383237623632343934
61363133363861313932613164616166343536633061313463326566306165663064643266303533
35666132653236383534393737326230326463383438393265393637643131383166316238336439
39343234386138303864376664363430313361373064303836653062303939666530646430333235
62383831663063353139666131373465313139393434346239323432363065663737383634633838
61643266383537653561363066626238383635643661616166626135343232313932666365643039
36303737353463613561396139373433633837626239613963626361313334663439386133633332
65323666663830326162376365316662323637333932366636646465633333653664343633343764
31396635376136383363643961366539386239633962663430326635666233303438333933613564
62363738333332303965336666383130303664613837363563613430353139393833356164346331
39656165643830336664323663666465303963623961326263323930623635633763353936303265
36393263643936323130303061653161616533316238373664373837633630366265663061373139
36666338656162373735663239396336343565316531396133373531653262343239376634376133
30386161393130663564633239663235646432353762303531623333376664356263626665393039
33666532646366303462333533376435393533313663353135333965323765646363623239633134
61626338333933316639303930646434303966656430356634306230336438373438393837636438
37633531326534643763386131636335646162306135373131356438636438306333323139366337
65623630393836346635656464323362613138616337353132633665376436666262613336663563
30626463393164303937313561356462306163633934363932646331356336306161333066393533
30633131626534313466643866626465663132316435636462356265343932393938366531333431
39313535393761343363393537623766643433323061336430336266643439393435613737353962
30386630333866656136356236303162356332626264623135363663393764363162666363353634
32396663656365323466646361633263393962303237643765333037323761376464313666376661
39613930366664313865376337326639366431633934323233373762376462313831303163303030
62346337343830656137363737316530613534303136636238316135353666333865326333666165
63393664343131356630353263346464316631613666356163626333373963623032323765663235
34616239616133366663663531353265343462313731323633383165623637343937376331363261
65383833626431386338343564363232656430626663616235656634366334323539313639633165
33383666613333396163323633363830306366336664383235333165386634393238326136323332
35313437663164636264393164333863343762373063653238386561313539303336323566396634
38333863363563346564313338303036363864663432396638623062393537393065396562636635
63333864613061376531623735643964363130366362313663663231663261643237323234646365
39343132396338326530346531626436393334313335303730343466366634313130616664303735
61653264306339336539383662636432663532666136656361353330653531316430636335346133
62346237656230393836633664303236656331313935303137653066306432363762383266663265
35626135306166333566616439663033616439383763346432313463393564643737666532633461
38353037353635316333666239396137376334653162363338366133343563613066373238366532
63343034376566343834613661656432653864316362383764623733376131663838626338646430
61313662373734663862663061366662313836636165326361306361616164663165353634636239
66653062633965653134356564313233626165643438663933656364653535643630373638663066
37336436663231343339383363396261313362613530653731316530316434636537643539383638
65336161323533333236613939636237646435396139396439346137376132666563356666393936
38333539306434323263396664613065323663383031613036653933393131303034343239656531
33616534326631663364646137646566626533643938396661366366656338393561303364366330
32333830323765376132326664313563323336373930363732616566366237653937643165313132
31613331383534346533326562353463616633373463646134343136623435333930663438626438
30336236333965303030626665613334386238613262653936306231616639346639396366376634
35316539626161626561313130383164623731313732633364633336366534306335376136303031
63613330373337333566636433666131633632363938653139383537343133363764333061633937
30643337323830323035653164393730313466323935376130663333383336646236386236666333
62373433323838383630316438373838313233373262656162383439633634333935346437303635
66623037306236633930373039346338303232626362316239336439666364386236383138386465
32353064623565353136356139633432343435646433326366323238323437393731346631306166
66656664393966383762343138633530303536303234656537306564303630333833323631313934
30653839363337656137656161333632666331613733633530623161623738646463343538646362
65343963666236613933616562353563363134326561383235663662653637666361383039323164
63616638333665306161326461313636623037343835393335316366376663376533336135623965
36346362646661343263333966633861373462616261313439363532646365343934393464613461
65383566643939396137613530633335663133626232306237313832643164656465393565663638
62366662363637333965336562653162313430363937313834626166306564636330326631383039
61653361646232303934356530636263376135623334613464323733383436303665333365353862
34336335353734616437653437326366336462363735343238633230613334663234343465316631
63666662646635386338643863646236353831363662383937643734643138316464323635656332
34346636383363306562623835326332313437633538303862616439313562636562623263336639
66303666303136316435636635383935623632656538653632353132363166306439333832336636
61623039656538326133633461613462633334376136313239616261643839386439333337303039
38663036383966663962633732656336626139626238656233316633356636333663333133383738
63333731316432346438636266373431363738646530383664366335303866313239336233306137
33353536386634353830396336636666316138383537623062373335336463383936343938643339
30316439646139353937646563323065376131646632626264626132333935363462646465366365
65646230616330623534623434333631636564646462653631363164396332326332383131336562
39366137643937663235346532333633666133373636383863373431623231383563393136333236
35616436633964626163646237333736303134646633616265383435656264623363636462633834
34613962336365333235356166323235623662613163616566656666396564346630616365313433
65386334666666636633336533643461373335326330363831386435323738623338323661353561
32316232396434313063313436626261393738383264366435656432393663326438633264633765
63623766646562393337666436666561323334646130346663323837373863316162653863633164
30306237653164613634633864336630636236616165353737303365313535363361323165623738
35343635383030383465393765313632646362363562393666633537386230613738343139363330
36393238623935373836623936366464333466636633646163306634623034616339626433633430
36663230323334376339303265363032366564323539333336346239633736646531636635363337
38326364373938366138643232326161383266396664386439653137303535666138363237366339
63306464353934363265303535613333643565303838346632653538306664383631623434616338
33633865343538613439343532343835663235326234316366383433363731366330316263663831
35356561616661363238623432383935643462623037336438373336303732323664323235353562
36626331306266663265333632353133616138303161326230336638376230653335343862613165
39653231653863356135336539616662376535343765643533373237393936373030643632303931
34313934313137303534623764353136346232336434663539373435313131373330646438663032
34613737643037373931333432336130343238653938636366373362353937633461656635393438
38393936323264653762643330343233623232663232313662663964373534633932313037636265
65613736323539333039346139363737623665626264346265653962633062306230313830666430
65363061366235353537386135633933633063343735663263623030386432653437366139633438
33653762666463386138393634306433613461333436633466343539356331353332373533383139
34666535623533626363376632666666313932313366383534663366383534313763356538656664
39303835386162636537356665313437363238346564343762656536636338666632306532363334
61313836653264656362643534646630386461316563363064373834656262656566353863623339
37346535616134366139643534366232353165363636643339626438666462623931373661653234
33383531306439366431663335653635393131633536303833663639626464653831346562326336
37663333656566303336323362396564393163326332323139376363313434366532366439376463
63376261666639623331353164333430303738353636653832343230663633316533323166636436
38663466336462656139623132376235616236326565633735383065376635613338656366333031
32336632613337346532316166316266353137663263393766643930643635666164363265353564
32393731653931376235353833636333323631396535626330626264346432616465366366386137
32636638393934356430393131363562663036356437393463376233396565616563626365653162
32356437333930643134363964333666373733326464376465643164623237343637396534376132
34393031316662323365656331386232383030646234643836666365313432383062356537373531
63383462346261633261663631643634336261313237356434656334313630653863636532356365
63306630303066643934323837636234343130353936333764366333343361623634653539663439
35633232653564616163343736353339343234633337356161346539663561323063373961393334
36383466333530313330336633653339613636343030646630313632356235373963333965336634
36323736636233316261626133383631393931656662643338626631333837633864363338333639
30656565313764313464303437333265313333316262656335663436346437646163323331346335
30613530303338393337323765386137646434323531623364373336633430643230306661343964
31383033306534643033356238333562303037623231306661346365313634663433663264626239
37393261656466313138303066366531313934316239626637366466383738393061636662376565
65333636376139666338383565386539613438623533313934363136633637353834373362326165
64356435613862323666343561346265316631333533626130623239346636643434353432366435
37356466373834643663666463373831303034343063626131383230633963626666303666346363
66306632393936633733646634376631353439363533653330633432663237373832643938303466
39633133396163336465336365633537616639383335343862346230666130643333313337313832
32363036346365666464616331636330326565373437653266653634336237656166663666346266
65323534383339356430323130333461336463303864626462386662326534386162646162323230
39623661663533613961363766343064373233636534333962656236303130363232666136363234
39623239393461303261646330393563356635616163656633653463636634666561373464326632
66313439663632613436643865623664653838373062636532616437313934326565626363363937
36306665383361373730643132336536313730333134636137616266313364373063346637316338
36313937653966393965393965613934626536356261613030383133346336633235623835636634
63376233373732636262663637626463666438376564333231326530643664653261383935666464
65376638356461326433376539323861306331316363376135653534633065343265616139306634
31353362343435313231373764393561363466363835643865623133626130643961363466393139
66393536613230653932313739356561656430653562353563386262656438303661633461623631
39316230323930396539303464306433353834303331373062383639313264363265643731343466
64356362343136383163346265353630646632326666636634613363386536643064316261323937
34643966383762383136343465386366396539393133376366336436323065383738353966336537
35616137373766663535316234373530613931366166616639336137303964613965303635363530
61303837616463323730663965323332373262363866386661323363313461383165653738633631
65306530376436326566363861623362653732383865313035373332383535303538666230353131
39393135353135383334373730383133366564306632306536366461363133396632323263626266
32613966633830346236666262363064613661613838323934626665356262346537663433633763
37363663373064613963356166616365333339383931396561366530666365646463313463653665
64346335643061303364656234313733663130373639376561363164393363366635303931353233
31663934363264373266393161303638353837353431323962323262393835643965616531356633
39326666373063663561356332326634613637326534643236343733343265303266613031333537
36346664373137303331363966306537623735306536613366373865663038646535366538313761
66326636643933376331313131666430316364376165646663626131316137306261626238623634
66633462663037383436643639666237373637616163306461653139393963323439346335373036
30653438306434363637623461656463366336333263333136633734656337333363316534313266
38626565636238613063653337656334343130353931633661643133636664363631316234343332
62613239633038656537643066643766366231366235623734656363653132616633363837303638
32313438316438636232616530666235396339373265393331323934333637613063353462643335
32353633653562396462626637663630376364646535353163383763303530333532333133386533
33346232363739313061623966346263393830346262653332626162343739333761383632616636
63376463363934343432316430653466333562383131613334376633323062626232363139363933
37376539646534663532656539653465373239323233666235396337323766303062666461616331
64313234356661383334303534626134613830643539623262626161316532396336646337646363
62653931343937393331613438386539656435663038653635643539383862613135663965383362
38663933643238333962373761643666346237646364663937386233383430646634373036643735
61316436303533653962613532393861326536316134623737633638386537666230373164303264
30306231323839353236313637333364656161323464623661636263326334393735633966373066
61323138313731343534313736373033383762303564346461376131316533643762356262396661
61323837316564653532656664346132646436396234643965366566623434386338336266373730
38323331636266366133373966353430636262333030313861666264313337303438333237636438
34633763373666396435653333613930323065373664653434666532666334386336653362343561
34383632663165346263636635393464393565633334356361653065633266643030636536376162
62303961393239356432616331383165613035633334326632313236356265343137356463353931
61326637343738326363366431373666643638326236356333353362626365383261663338646532
63616363663263326339613338356464633061353864363664646439336564363439356438326165
32333965356339633934663530656337666663383537653030363665393562653535303430303236
30663237393064303861633334303935356632333933366565316632396362386530386533616566
33326237313738303930303733333764316164666335666433303362656232353664313430633838
36356632663434363637386335386435323934623366653332386531613834316261343737363936
62313736616461326436343766396231646538313930366336663535643435353031623563376439
64653332346134653734383634346134383664386466363836356362306638383331373037363861
31373762333061643938363939353830343564383266383735323432363763653132383938643962
36343361613566616263366434393739363634323533376561373736366437396665663630353836
66303836373432353765643565313162643366323132343066653132363035393064616339613230
30376635383031633431626432396335653736393065663231393636666361623032616465303264
34373435643938656565633063316633643865393937623430636562663665343032623563633765
65363366333032393863343133363133656165646165626565653866343866383564333536316661
35306138323336313366623765666564383566663334356365636130646233396133646433343031
38623331376633666265383065373035396231303661323264333237313533303639663961353563
31326439643438373937656265356432353936356436363562666539633733353437323231613831
31303232623030313363376536303636663565646532356631616639643330313633356436353136
36343639343464616366643438393537356238633733336266326237316236356439323930666261
66303034626261336330343139666564353635333366376265313033336665303161323834343737
36386337356130623330306634663836653165313963646230626264623637363661386330333535
36623862353130363032383563386131363865306535306532333635326335643164633639666263
38656264316638316137366630623637333531636534626137646334633830336435386130353032
65313539353964346563376264373964336335306336366364666430643936666534633233313366
35383863623633323531343566626137373865383565633835383666656166376464373333663135
30646336393262383137326464366534393761616166623437366335623761333330326564356135
30643962336262663931376363653439393737626131643061356438613662623034666561626534
38353665353534353334373066623835656539623130316135643634393464616366336333656233
37656566316537313566623562303461373430393530616237353465663038643661383862326134
66376432353439313934326538353365666130653632316432663339346236373861343065633764
32646636336136366332656664396163653639383465373032643663306636653634386533303162
62663536613962653638656538653735393361313363373661326662363834303736393038373266
34643833336238663535373061303938326637646137396566323336653138623639636432356632
65376666653532653235623838656131393632633335373739383766323339303131313335353361
32646438353462356433626336623766353662373737346664306463643465353733613231356439
37616465313031643638326561313162343533393132373936326165363238633736353538303736
38346336616437323738353533656438646633636362356566383234393031626134363331633438
39383732653661343934666264313063383031333930666263306135313264613662613162306637
64363136383337363137663037653766656535323966396561616162383331363239636430353635
39303763623231636235623239366539623839666531666132656266313766626265306638383561
33653162326239636563343330663837353263323435633835636336396663306563643566656433
63653639623130663034393131643639633930373362336261653866623161363233376362666563
63303931326130656334376335303264313261666634336539643836396439393235616462663466
65633565616134393432346561396264343465666663386336613230663137663335326365376139
37346666306165396630303330303838353438313161366465313336373532386633383336643339
30376137643261323766393464633538386437626230366232663236653635383030633163383362
38353565353733343262396466643732363063343933666235393738623765303165383932363935
30323165616164366535626239613866333137643033376533356532383862313138663531366237
31363833616165643163636162363863326237363734643561396561333063353737316337613432
62386236373534356564323535383136646338366362326534356264376331626437613234393633
39626437646665356566333234376565613666663132666331313431356166666663656235626137
63346362323734356636663133373230376366306334326439323438363762663433616134363631
61653061633939363539313865316631663734633935663364623136363636346331373461393661
61626133363366616131613864333436323736363665373830656464643865653038323766666230
66393731613362663338303363653239663033313735636165326538666566326265323861303734
33646365376563313163386366613430393833383539366362653339386462356263303634653733
35333462636537316232356635306532623339393865613933643732343830623761646439366235
30356238383335626466663435636161373034393939336265656533643831303533613234373831
38333033613933666162316237616336636662613238316438313961643537356136366265653434
32616131633333653232396130656339306365333732393864663361613139323631653563356364
34636631333332383566383431373961333130303830663030313261346437346165656662613061
66383563633136373062396431353965333435663262356638313337356131343161623435663533
61613231373834623738313464303138316262353431616539353533626138306536316538363735
64313732633237343766353566643433653463346539386137363461373138633131306638306164
63313966306362373436626436663034313365303230396335356666623161333331363935333362
38656435656532303566393634303261373263356238313634303736616630633834303035363865
39383933393636666366353333346633366462346165343830386466653939393636653966343937
65636436366266353636313830643931333336306663646161323063353831383161626331613666
30316231373366616131623434346231363232313232646234613232616663623662373563663735
64363135303539376438386366623764613736386230333839306236666236346566333062323861
32643839386232333335356566323832643761356364313836623833653561336331613737663138
38336434626563303232393765333362393330656664643363623234616439623531346139393935
66323966383333643130636338396266623962356466303137376331316135336665663864313338
65316466333761653365613166356338363466373065646434346537633730353535663038306561
65666335663539356261303364333662386366363665306432313632383536633866323530613131
62656630363233663138623636356562656363363430653537326433393439363061376634386263
33636436333364366565373533363933353638646133373137396533616166303764316331353135
61633733386535386663303936373866343934383539326438326133383936303063313164336262
63663733643136643439353136643533343235616563376562383036306661373835373338633933
61613363313130316632353161363638353262613530396338393634316162373731613431633861
32666637396164303063333865333630356633343064613966323365663932383237623463303130
63373631613539323333356162346530303934633165663764383338336231303536636261363636
31373934363735646537626164333535623337313034363630393334323464666362626239653762
63373832366636373763393763626433653131363266396164393266313334363762636236343161
62356662653434613833626431313465303765333833326532633135363664316564656638373037
34656166653164373138613935626432303266643633373439336333633061326633346363343736
64616164656565343062633235303533386262376464353632376134653331323262343761666365
37313664333737353739346237626532663462663466313832346263633964626230623161343364
37393739343030353361643538323832383437633566643366316166616533316138376539656332
65396165323362363633666531666139366635653661323430633633656166663663353162396534
30623134343532633561666139623364316538356566353636393830303765303032336262353532
64353732363066346430323161376564346437303432393332623363643134376361373830666234
37633466633032373663383438393461623234383937303866376333383466626233363330393861
32633634623264663932646464303734383437396334386336356363363637306434633534616630
34323330663362306564343336376134373338656437373065383062623666333861326664336631
30616239313836363232343163336530333062333561323861386566633434396535643635366663
36316231646133646434306138386535386234616565343438306633373632323566356164313461
34336231653362643961363761343764623261376663313735343666343137336631303734636661
35306561376662633934633335616262636261663764623334336631633931343432363936396330
34626530326430323164333063303962323861333831396365646532383433666464366164313634
30383932306333636532303439376262616266383536396131326233646233383039303733633062
30373361363362333837326566383531366264373933646636363662363837663065396632383664
36333833393666393964633332363939613966643732383164396239306134363761386333616238
36373433373630383833663536373066626330666435326336303430343663643532646561303332
62326237313835633566363037333931346131616330636131623738396465643833303539643335
61656461333663366361646466313736343339353266346561616432373261363364313530393035
63306265333833303738616162323439356363373230636232656230626632306333336139356264
65313839363735393433653966383332666264346332623462666264346634633235396666373432
32363835666539633461363865346537643530396565383562323432656138663934346661313735
63323535326561333838376230303336326636366664373565376534653166373665363335636638
38353065656666323137663566653135663837666235343237363132303363366261333639353739
65636365626539323334633830646566656666323864303730646633306563343835323439646266
38343439653332353665643063303863316363643632393634346434316139383465376337396664
33323131623231636337636261626263393632343763333838633432333531326433393538653430
62376634363962653938333964306562636563656533663666393038306632386235616463383764
65366630356436316161393838366636386163303339663834336264323166376533373838653634
61396365313630643761626265376566613064363364396361326464366230623266663365333565
37633961386564316637373539346338366162666565623938333037383637646638643765306532
34633331366364316135663136613839393332613838376466346563663032333562343734393830
63323832643435616361323836343965373132383466666331343961303963623336653130306466
36363466313732633033366232626330643763343565303538373161666230303937613630336532
65333337653965336336663137623463306530323665306538326265393561653232323239353239
61356439343731373436623337653730353930313061643238346561636337386337663563393966
34393533656237653061633934643863393335633537386635353166373739666233326535343961
36636464633637613934633334613730613331313235303161363937346366353631326632653437
30383936333931366266666261373030366166643832356165383035653364346661353464343631
31343939313061343132623064353638376163646166346232393765666163326464386230353561
39623237373232623530353936633035306238353631626261373062363534396334313238306163
62323136353435663964373236666534356561303666656239353864376632376430376462373661
37353035666364303936366666633364646534333035343066633735346339376230353535633339
37353539613361316162656638353230303861623366623331343662616536626361306632633263
36636563313964636635656230366265393438646436643461616338316365343664383134626430
37393761653534343866356437313132646466386331356131323636306538636264313766346238
62663430373066643731343838633466663737646639306636616162363737336231656134653439
39336661363135313332643965303665643133653263376233643362343662643837383932613666
31313264643431646463353531666466663831353262653136316162383436396537653433396638
61316361626264366463316262383339356266616235653838383133646339623836353636363461
31626137396164303161666631393261353664333464303336393562343431656539343537656136
64303935353266313236356562333837613366366333323264396535343436636264653261323561
63623462656532336131353262613031393234373938316462383439393465643531363236383735
30313364316466343338646433323563383731383935353564623832623965613636333361353363
64373234646338633362656162336537333466613363313937363665623934373733393833316233
33613938376130393666396531653133363736353163373465376637363465633863393263653965
34356564333835663831306266356439366162623862343435353534363732616336393937393765
64653165303061646533383863313266393066376464336266653839646666323332363332613930
36356161383836353937396535656565643531663638356163623938373234303136383137313465
35613066376466626536346634623732633863306136313663313934323933336665663839663838
32656234663034356236393834613637656439613730363231336434653230343262363039326161
34666364346166653734333734313763366638313530386135663733393533386261393831323230
64396263303466636130633533633736663836633530333738643232663335643666353830373461
34373361623036613362333130653134343834663762393262336365303830326138376637316235
39303533383333623130613265323135633963646330643636326338656264303835633937393732
62343662303835396261386338316537393739663863666235356162373261376437383339373432
35303961373766383833303964373937616635643734613532626165383231313630386561346635
30303235333239383836663739373863643338366663343162343830343033356665316536386437
65363463353862663665316135303464313262396432333230363964666438333765373362616566
63376330613030616132313132306432653961393138353632366264353838653133656136326666
31333833373739333330653863666632633732376239386461623336346562643535343563303938
63663738336131393366626265373962383231616164616563346334613963366234303834383136
61373033643464303535636334366332623933633536363238363032663937316662353062616366
66616434373031333439306231366636623433653464316631383461656161666139363735343862
37646665333432623665336238663536663266656632343032323930353434643262313333643238
37613233663065636432613938623966643830626463383466613532383731656366313630303137
31633132653331653030326261346534643333643766656134623537343764663538663539623461
66643138616136656139383961363637646333643638646635343931386132643263393435356435
36363038396264653165626638623961383335316136353533653837616439386463303038313330
30303333663462373639663332316237623361616638353261363262623361303463303264623461
30323636383032643862643133343538383764653838373032356432366639313861633432653636
32376361343331326164333232353662303035616464303565376338643633353230633865356264
64303037613335666330666161383833323439636463316463386231316437616564373138313637
33366436333263383266393365383063356664356338643636383039626335646530323632306432
36373338393538646539613162623963353534393437376631633733313964636639313362376361
34333936646266303235643530323065373564303765353631383330323263373834633663313833
31306166343335313466323761336331343935316363306631663336636636313837386637313861
30666661646466303366346466336238356137373635386531663965353866356432656438306431
31633338356131366264303366653365336534323930396439376137323462633561663536303135
35323461663165336533396263363561646637316233656335626434613562323237646433643231
30656435363466383761316236336633363566653332396164363464353039643661333365633564
31656138623235613061613066353064623037656531343364373232396139646262373833306335
30376131616136336339616663636566316239326162623032333633616132396663376432303235
39636130643338626530386537383633333235316637626637653237623136393537616333396230
64353334333234383039303336303530653763653262313965336466346364393461373034346433
38623861633461376262663566373962626233326237613366626561333963653638623531666437
35373839396661623537616339636434393266383761366461623164323737323330616330313535
36643761373461383137323239653336363332623536373661326465656463316332386535663234
65396263396230323538366637313764366332316466646230613930656634363063653531303563
64313066313261633335353165323863643963616138613666326431383663313930613938646630
31313664646438396232666234383163623932303237653966326135663831333864366131393934
32313331656364373764653835613137633731336136613063663165396166376163633534303530
61626636313331313261643130303461373930306333323737326134323536386164363534343838
35353338383661343632663230663635633066316364336638303736656532346238396130653863
37343062376138663131653366623739613863366437323561333735626564653239643036666466
64633934336465656465643833656434363061396633623130643533663036653034313032313061
32613461393864643733623835616532613566386336323539336263393036303765613865333066
30613239663536643561356665333539386264653732356636386232393737653137626634653130
35396432386364653839643165366361383132613736613666353761653032366530633233396161
35326666303663343639366637613634363363326165373932303438616661363938356433353566
38396332626434396533653961363261363565653230656663363361373138656266306633353562
65376461313135363533613238383233303236633236343862363330396638636139363038663534
38636135356333636635396634626565323761613064336166383032613732323834363437613161
64613039333938313534653566343264326635313432353538343062366335383038363039633534
30653864316334323537316436373231353665346162336663383562663038633039313063336234
32393961613163376138376162366237636632643038613836643834303864626537393130343638
31353434643662303934633965613730643631616664363931383936633135366639663137313636
35396134346662336561326165393162323432353535646538626436666137613432656333643336
37383161376239393066346461636662633966663330376335343137336336666139303261633633
33373966633931613934303937636265393863623638323335376337326265326636663838646432
61393339666132353764306361616636373234396532323235373561396638373534393835323063
34366636346432613761343063343533333965366538643638323661373035373934366432313263
37393162613130663537653438313031336263663361356339656332623463376463346564313361
66323236643032386663373930653962353266383736653237666565623265353531383830633330
65333065383033323666396438613030353036613138643337363361333837303666313339363032
63366261336261646536653639653064363633336533646462636434346139396562366239396237
65326435323133663531663166616566353234623363616166656234643265656239636261313639
35653539306435633130636130343465353038353930343930656131333832323261633233653261
30353933313535373031666661656661656265656662376437633638633063393839306461313366
66613639303338313565346364303335643232623865626362303039366333363361366661636266
61393732303266636165663666366533333834313338653636303939303933633634663432326366
39323063656637363031653033343736646162356437626131363532396164613938633963653730
30326633373135633766303033633438666638386362326538663562376561313161383362336163
62316462346464633263646130313630343364353964636438333563316233393030313435373736
31633634373435396364303834653865333062323833623935316166623837326239353162306339
61663761653335393361363232393161396266333866633931303638633336623766623734653037
30323438656237346335656637386634383131343861303037616131666362376236333462633763
63656562633365633433343838386339373234336135663361353066356662356235376264666563
30326334343830366431646333626238383062346339373330353235366161303862373566376461
63663763643332633134633963353630633534373837316137343333343233346233336138313064
63636364346139323032663962383066396337363530623732313466376664376466343239396237
62393437343237623065643731376637373835623763313863663838636263306637323762633232
66653761396335616433356336626532326330353966326138643761646638363664636439363339
35383234613265393365366335316161313033656537316338663533653165323430393462666332
31646534313539623361373362373139333063353035326634613566336335646261313535623766
36633539643366313231393738623663316630393431346236323761663038383733636332383737
37386261316231303265306465316465666438646462613636613036623530623933656262376165
65666566333531663231313431313865386131363831333862616664643732326163353265323039
63623635636464326133383463383165643966306239353839636161373533633765336131326564
36666431336333343064363534363235386164653535623633366632663762376231393938313161
35656630643131303839333066633563613635653633313639306561326536323966353935373961
34343439653662313937316136663765303864396165336239386664623633326535663937373637
36393164633635636266623532346336656430653334393134393132333565663739663434393266
65346630623238383837623636643633383931343731396231623364616133343065643061356339
66373034386436303362353834653935333537306534353766643333663738616134303532646132
63643632663863326234346433306366666430363539303630663062383136646539633432643864
30353132376661366235666563346562313337376663653366323466643632353763326265376464
61363432376563313435613264356461643139643235313532353937303233363161623865616365
63626561326433663931343263306461663661323031333035663163353461316266343539306565
35623035303335616338343933386138386266396237386434363736663937383265303838373838
31613836623361386363316232386230306666393566363833343861366261363434353832346266
32326262303631636433633263393137333531636664643736653961626162646461303836363236
32386539656538346537343764326131343030336138343334306633326131613965666439303263
65313363386233666131393466306135643739323135646363663365383966623464336364356266
38313833616232346336306231306362643335613035643965643734336237316163656463323934
33356137663761313061393636326464313433666363303861373565316331356434616262376336
33643338653262386462636361373137396634623631636563656634656666343731663932653030
61333761306665316562343166343565326637303338393464646365643965653866626133373334
66393138393562306262373062373332366137326630393733656231646465663137356639346166
36616134393264366661373266326532353737636434636638353062646135326564353263363065
37323866333133623735316433346662356230373164643338366133623730623264613564366433
34376530336662633063313930336131663831363666376431336662343736353939303262636530
61643664646631666563376538326431353336656462363566326337303139393463646137643832
37373963313537346236383437323062653439663362343232336433626435373563643936346430
65656661356534313336663232376161343334343738306631333438636336616463383930323130
35343035353932636661633234383134336635323366623532336662323435646633663430396465
3031
