$ANSIBLE_VAULT;1.1;AES256
37396538316561356430613837353930383836636330643365313261386262653831653035663234
6132623232346239636364663464636235646530303263310a623764303537343730316638383663
64356366393039633961336331323435366636663833613938373265393338326565386434396236
6665623164353336340a356465633133343833653661396131333561303437623766633835393762
39643464343030343839356566336561343239353162643439326335666431666363366664636433
34373535306463306565343539363038613833353664343137323131363039626366323661643465
65633562363735353261626332393138393361323738356661373338336231353732633333383933
35626535396130383562386461396661633961643762636530343837653534663632646165383761
62626161326531613632636238313135303034666431306465393230346430316337316662643430
38646535373937366231633933333838376339623435626264663036306439663836356232326466
63653431666666616466616435333163363966383835363431303137383062303934633934616239
64316337633861383732663637613964336262656264346431636439363939386135613661316131
61393532323038333061363666363364616632366438396635383130616430386565393131303736
35626231616161646463376130653737623237346462313239613763353531356466373637383035
31353331633236613631366637663636363165356234653866643738316166353137333836656139
37316665633864646234623863663336623733633561623966343130313339386566393733343038
34333239643363343132393364343939356434396436323235363365346536623964653736373932
37613237653439643935333037336634386336383036613030356234346463653338303430366237
66323333323636353062376135313134346338316564373666663438346662313432393037626432
64666164646633356461373438363431396361306433303563333539616265313262376162333764
61323039616361616461623264383537353566303833613265353132373236333237313264636537
63393335353266393237383535623737363331393539613363353732363937376366316266613532
66376337346532383266613863623163333666316537313533303065343963303636393764336339
30653534363765366239663563303466623037343262653565363431356639346561613936623432
33636661383935663434396364303238653764363633396637373036386231313238623566666263
62353765303837623761393131353937663038666236396665613330373539383437623734383232
66366336623733366139386235623431356130386264613534663433653434383731343530366564
36316639653235303936313037363636343663653335383136396532356234333631396438613532
63613538306638646133656465346539323165663033386432313435333664656164363162313662
64383531333435336165316538626235653538303435323764316266343532613739623363343863
34366339666535316633336561376162613662353336313565343030313431323339333439616130
31373466633464643464386431333337353037383037356633366163353335333863386636383333
36656330363936383734353566616235363866393137316564346262373638393461663265633166
63326338353461323933353534386366313866323131326234333832623634663664643131613435
61386138356362623066616265653864376362386237623232343663326264356266383436343633
37383065386536393166383638653937303232316463363634656237323138353565383365386236
62353365346363626439613938363637653335383365333463653339373566393834633632343966
32656363343131643063303135666337653734343263623164313165353837643936333538396166
38336336646231323361373337366563613634323835363138336637313032333134326138633434
32663435346461353939643135643563666336623733386433396336376438343535396536393732
34313364376433656232393937393836303239313634396566383530376138356666313834306436
35656663316438353434653364643037653664646232346462373037303836323833303133316466
35396465333937386664333039303236656139353932656263363436386239623535363863383438
62313831663264393439373134343863306662626638343532623437353130323061363963646430
35386333616663653361623162643362333433313133666166663239343439313062386132633462
32393735633437343066303035646631366266353561313162363035623634643630323230333735
32303065313632363331663235333965373164333031366230653133313338643363363966393237
32386234663139306532376434393264663863343362653862373862396164646163323064653232
39626262616131366263313936313732373931313165306561386633326335333630373237343166
34636561393766343136366265393962653365646238316137343730636336633436316536366234
63326637316638333031356164643436366466366364663663343765343861613237643033646138
37623630653931316430616266386465336531323966303366343634366265346265366638666430
64616630303434643033643935336537643861383939396530663030323365343861643539346332
36633632326134623134313632616365396362663364633165333932663038326236343662623263
35636262323764653434373662656265393936346535666331666533343236353233343936363334
64633435643139633163616135656130643030356539633833386432626434656661643462663233
36356338353230666535336564326439646539623638636334333837323037316563613630653761
31356139326464303833653265306638663832316133666332386438376365376331346437363963
34393062333163306338333431373438616531643266646437313562386361383366386563626638
34393932633833663731633061333465366361363233333533663965633431623664643039383264
33643934666565636331623339623030373266613436313832613262343564306631376634623061
33366235356561356532666635613766323365616532353039353262386565643063616462626363
61393065356166343638363830356635313930616232353036336336323034323266366431326137
39373933363066656430333334373435343239326432303739396538303739313333613962663266
39356432366563633162333832663930313461336431663939333261343162653364313238396161
38613262613935323036313865666230663866313466626533386461646262353730653139643866
39356161346433636236393535613539346237373335633466393237613865303532353166666664
66613062613230656532303138343663393862663466363364393133623436366437643536363933
62363362363032633365613233616634393165656262373361376431393964353435636338353837
31393463643564393436313937346434333039623964313537373038343430366263326436393037
35313134653431326430303931353031323736363161653764653332326433656666396336396164
30613931666462353261303731623461616234343737393238633862646264636463336331663137
65383638383834616438316366613165613866353532313238653932653965626538626563343566
31653966313238646238623936396361346432366538623263643765303636643963386662373035
37663561336636623962373637386562333763646537653330393330663930616563326535373133
32393964666436653561663637613063353865326163653039653762663336636236636230333336
65333262363634666636363936666533663961313637643961323730316663636165663335323333
33646165633634616235663766353732373935323034323431313562303162636634396462366438
38636338313261303761396635643365343038663130653861633461613335353263326439343962
35646665366633316638653937373439326238303138653964343333303535646133643366653332
64383033396232613734376531353439356463633831636362326434393130613664393962653839
33393035373366333266626166623533663236616239343330643435646431653633623338616661
39343833393563333763306530626239653039663333313535303234363533623163653365363533
65613364363537363930353938633263653765363239386164646331383931346264333838663765
62353538663765656636326165386263353833643438393263343939343438613932303834386461
32333839313334666665623961613632613037333965363130373539373062323266633462333863
36646263323433633531393538323933626532343638323161646131626464653561383835356262
62343038333762656337323838313130383539623461666632373162313436313064383836323137
66343265316463363630333464373431366661326433616466353761333036316139613332323962
31616436643665663436313533626230386364326661653363346435343839376637643162313237
62366464626235303562376237343264636235666336623839393031666635303565303464353163
32353564656133653935633538636465373466306335636238373431613537636665383632343162
66643862333439353063363163323136373464383365316635633765643734626632623866666664
38306562396665643432346337626239613161663535343633313461373237356266633131303530
38343732356631623936343332646536323737656334636565646536366537326231643264303565
65373564323037623434386561346365313161623033393166613838306138323831636166333539
66633735373266363531323537363962336536646363343239373532323831643331376231343335
36336134303732383335376561623730353634613331386465313566376563313664373536333464
30613435643739343865356263386161636161363539313663383331333662313830373334316161
32613363396466323137396132373062636666363239326166643863616664616332343733383538
63643362626661353564666530383462303739393662646563326665653661623365396432383233
35613031326337373533393663643532653834653462356562386532376234303439633561336338
35623861383539636535373764613364636161636633666538616362323738393062363766663830
66643630643166326330613836353332646566323038343866376636363639623533383132313939
62643730303261353061646138646139633566333334643634633762343937393736623336386239
62616439313166353638363361343131623238376636396534343632343631336230373538303032
34383164626464303130393831666435623033306331316637613637343663646364666261383738
37333132313566656630303763633162396433393630656665623164653633643462306232356137
37363534346537376636336330386362643537363233643362623062383130653363646461313736
35303931636339333763313462373937386137633338376131653364343734656631303333353037
64323564623366663533393133653934303636356330656464343766336462373066646663616130
38346265343630303938623136663436303766613963336539313432396630653631646632306464
62363536323261376265366431353061656433613863326166376231306262313464396530306539
36636261393330633138666265626433383865636563343731393434336231353039313564323635
65396137653431633832303630393237376633646630333133366661653233356438346539383462
36626562643662353036646238323439366663633732306432333134366664663638343732303563
31326535383237656532353538363663613532353532336565643063353465383035336361323336
66366637363833376362343938363334656165356466373432376138363866623737343439363337
65313261616666333562373334376330643939653161326438333332353562363663613239386330
34666537663632663562656537623332373265363530346262323538313566633838306462303338
33646637333436323634396233323437636232646334623538303935336539633761366137353837
61633561303632323538393138346532383131343439363265643339636265346135386333653662
33386462613737616233386637346539623462656534636361393535313065323264376632346564
65636630333638613539353831613734376163613363343435613634376361663532323266663462
30363939313030323430623030326262343939346163333831353735363330363734616231633135
37323161376239616230373834326466313337323265326132326433323365383163613265343161
66663765343637383964643064346233376238333961663732653333356436323163313465663135
39316239633132623164663138393639393235383632643031356465313833613066333261636534
64383434623664616533373661323162663634393032393737393465646161653163303035303332
35306463636433343432656431343664663831303737343439353139343436326530636130616636
33616331353132323765346633656539336436663039363731313437646431306335326231313562
63383131353662396531643038303633373530663162646164333934313431333361643039376530
66356335616334623162323434626565303237616430373562373036366537376462623032316162
35316663623534626463363164323737333965643732613531663638626236343633383932653566
37333561343131346463343764393738333061393436386331623136626632353134333633646333
65626437323161383835343933653237613232393038653837386562656633383734373535336233
37666536383931353862326637376564626366353564616536616631326565646561656338306334
36623266323339323862313661313065613636303336383666343537646662646265313762303132
61336162343030346334326337323239613831336362303361326230623939306135663561356362
34356666623837376131626534306434666165613538353163343161393961353133343164623938
62323566313065633664313436326162383831613362323861353433386438633865353061613163
34633036656266623164666630356330663636343534663030623631336663316666336638363239
31666230396162333465653037383266366633306136303862396133623339646435353034323833
62383364653962363363653466396638306432653333643565323962323136353466313762313366
37383938376439303635313062303263643439366632343736376266303534626135333461343830
35373734353139373866343338663233383731333637633366383632653862373638616230373466
33363136313235343932376437366264313435656334323836613539623765626661646439363734
34303239636435643337656438383764336438366366666536333032616532663433626164366438
61366439336565643733396262393534336161623865373964626531623862306661343966663738
36393336386136333365353637376362623466626263353238313738623633316237393465643832
31313231313466383531653532373263383062333136316438613238373139323963353861303030
64396165306131653630653063373964303331666239323261383939306166633732653730376461
34373931383136316465613431613362653665646666303831303331623466306662363863633265
39306436356338376632356331663164326561356630656634376561393138393664313562386331
34363939376533613662663465613530343236373136306366376535366431353665666539323361
38633666633261383563613531393466656166613462633663633633303432333732626132363163
63356363316331666134616633363065306432653233373233333432313334616466356166313363
37613739643566326363333538623838626235356161663062663166623662656263366265326663
64383434373864666336623131616233336630303834376536336138393764316338663030323063
31373738313462626635336165313366396337323365393438643239653632666334303938653833
65333830666663356336306333363066373164653236383863626130653433313164343936393632
61643233653436316565616337383734633737653137333339626664653031663531666536616136
34313338363462656461313634353861653562616162613965353031336266663639613863363436
37376163346165323265643865343230636435356236633361666130623131396462306632393766
37373061393961303431623037363830656161393333663830636139643336316236313635623166
31643363623539643366623531356364633132366163663462636534633866613064306261393335
34623561323563653539613534633233343039613030343064643962666561376332323365363638
36623433616634326661363435363030396239333232376264353731333331653234366538613364
32653038646239346162393662643866633832373261386430656664333533343732366637353766
36353835643561613362333430346130636665363936643036333864633262316436373132653238
62653939393134383565373235626162373462666538633032613535653065393361396434666430
37656463343864313836353438336236353239373531363566303836633430616238616463646632
32313966336339366134636634666134326666643161643634353636623764303931396264383364
34336437383531633765316362663764343138646362643461373266353465326665636131633938
38666532623062343239333836626431306234663731656434313935343364653532366130636531
61633435663130343664633737623531663133623537643163613834626664663931316232623464
32613031623738353037656339343166353234396666333565353461373633373263303563356330
64363534396562353539383432316533303331333530613338626562656538303665393739303666
30363436346231323138313462363131303835393939326636616666663139663430663061663530
66616533623734363231333439383636613430643730386165353766333161663436363430633336
34636130303831396334636563343633653730646565333964643439303438333832366434616336
38333038343166316261306161643733646632323534643739623266613636303532656333643161
36346135666339323864353035376335633539376334303636396135353539636136386631393764
65303430653839303531393565666562333130633435326661363763306566616634343933396431
61303262323932303563336661656461346366396165396331656132643330316638653161653139
62373864623364623962396432383134303632376264636533616661663837393263303963396366
61316137643137643736343234303130316131633838656532636630663437356635653835666131
31333861356164376332623635363733623361656230316338653934326134323765646536376435
36343466356333396666643362373633366637343736626635363139613631373131316632656237
36396433616633326565613736386331333334333833626330643464663163353935343266353263
66356663303231383338303964356261323832326464336534353561653731643466613731373932
39313462633233393939353835383266366432386165386663383439386234343831656136373365
33303866306532656532306163656366326363323634633635323731656565373235656363623363
34353465363237343732636432376537373536386339393965336537613561666165323238373437
32303166396662636436646634666362616564366336656561663765646665303762616331333634
39353336353538613561616130326532653132373435623039636235623535613266613739653037
33663834376639356564316337336434386666383239326635356663353061623161366561303261
35326535633731626463386535653462333439653032393764333732393536663663383134303736
31343835643134616438346163353434636435326665316163626631343064396433316265656130
39393937303363643632363336346132663533353031326665643338653732393365643834633361
36636538386336326631643336363536303435303635323430333965383436343034656162356335
61346566326362636536653965323665396139656137303235393035313332393039383566366566
39316532646236306263356237323866373130633038653536303632333835633831626365386561
66633532386336626237396432626663663336396262366164353332353933663231653631383333
31356661303831343832363665303033653434653634336531396431323030333963336164326131
30393836313966336134623539663235383638343665333463653964336464646462316632646161
65643433313134323831393333613263643733666364616338376433616237333037393636343162
63616366633063386238653139653235643734373564333231613736376336373731346335626364
64363366646666353934656330323364643631663166653262366639373932643265613133356630
36346430616336663739346466313238363231636432653464383566376632623031666230313761
38633863353436346135343166333339373162633162353735613564613236313137663235626334
61383361383262313135613235316235626435306330626537656564633766383339613638373035
64376562653066376134353231313336326235313661326430313661616136616433643937383963
64643036626534616563383765323637613763376564313264343665636634643534303538343332
34306564323135643934636334656466623831363238616535356262376165386538336235333238
65333530626166306564636431646161343462363036316138383965656161363438353531313962
36393462353439666134353365373963353262383435343335633137613465366463656232396165
34363833646533613230316266326538616131633030346131623764653664346664646130653764
31663638333861336239393733356364323364313132323063613439343131633130303137373533
38623566626363666462386437353366613635313436386666353230343066326262663465396464
32323366323436613961303030393662663666643636306438663139363161356336663632353836
63666162336364393064353865323666353434383364633162666635646131623738306630333931
37326164656138383264363365333334396333333831653365353761346236336332366337646338
30366534396431366561306633653863333038666532303636626566663066323765666239633036
37383463383032343330333539393461626133386334613664383262623035336238356430616663
65633730383533376363386233323436376464613363386234316535373163656532623835366262
66373632386165636438363235313764633130313534626430316332636531313230616236396261
30373437313164666364666433316361316564353336336633323635353764303230316330646136
32306366373462663266626432616636366435646339633563323134323466363730653133386130
36636362633639663032323532333738653831643539636235366633613839633139383239336433
38656632353064343638373830396666343566643866323437343530356262643530393030323763
39376239643064666232353764393835343963313137613333386337343866626539326433633638
64323737306566363731353831313131366362333565646130333862343966383665613230336132
39643964366161366530623864363734353362316164373865383266353530616437366566616633
39643339653936636234643530383562316166653338663439386262363361393530396638643366
65353938386364333963643163373763386637363665623433663735636566373866386137323364
34343534356234633761303635316536343430356461353537666136363261363365663534306335
66306337393635366661646630376264333963656537366364363165656366383837613337646563
37653231316365636335356664316437333566393331393938663232643030313835663837356630
39623436633336393564353233376630623966633630656536653134666138366136383230323766
65653365393866393536353031646330653536613961623938643630643061363261633634373830
62613831646637366665336663626565386563393536356562316332633065353036363161383666
61633136383265323736633037613863356462343662316537643864346437303331363832383235
36656630316537653962373531613663626232393566626237306536623935353032656134366437
32303731316631643065303538373439633033656139333232383537633935323964633931636165
35643064653066643631383063626539313134373638346131633334643561616663376232393932
63626264613637373830346136386566666536396231613934343338316437343462306330356639
66393031336564316638363266356432313038363130663036316264396532663834313637363166
39613163316632613933363034393164613162373165326236303631323136663936343838373735
33363337633832303565306530393166663437346336636363653935333361336565626462626466
38613930613632393336316231366531316137656634653164336235366139616539303439613636
66303839653461326161613934313230306134643732386564366434363063303963646366346362
36316434353030323039306266323133313138313039636139313664323936643039343863333730
35393666646662393835343035343065366565356234343366306362343466613537396361303062
61356164343133636539663239646338313963346539623765303136383233393434643539373531
38643161396636353162316165656132303833346466663735613962306336303330373138336632
63343439326537353932393433643461316233643336373962346434303130636530366538643465
63353030633636393330376335393833353233376431653231656264393761646663616635323961
33393635623635323939316262623062306331643366633934336432333536663738343131393962
63333332313038306638376239306435396164313530653637303037333836623436343732323738
35336362623234383661313635363134366532373736623535346565333035613037653437333332
62396136396238333135663531376438663930343938653232353238373565633939303464323232
39343635316338333737616130623261656165663739326433626236643765666237323466616166
31323934656164346564356236376666623838313364343665306537393464626534383963366531
36653534316235613865356236346630623233376264396636303863653266646135353635613461
31363964373532656163383966643661363633313363346361336537623366383930656530323165
31643437376531373266376664656635366364633266376534373030373034356361613466303864
63653033313635303032343535323939323939373335386139333832353062363430326636616339
63633133623966393262396265366539656532636634653132306163363231366535636364396136
38643538363435343530616134646362303935396362316363326136616434303736373366646234
37363433333134653261346566323562363065346262346331393863373035636430306539343537
61633532623133666231383130633239356533383935383964376134393066376365626532323539
66663730376332653230306464386139303338313832633264373364363931313731613738343437
30363562616633633662396363373265633638323661636631633464363965613761663066396561
39393465396231623539343236306238323763313639383635323932396333323939666436396439
33626561356536306561306532376230623838376432386236363363353833383564366662663639
32353537643634356138626563376638663662326138616538623763636464643466316334633338
64376631353432373265373331383039373963643362613939363838616365373663376136666237
33623364313866303036616231346264633034373064326530646538663330316266663835363034
37326161616462343131343137663330323339313663383338363733396264613663646466346562
33343730383035343262303833333231306433333361383733613265343932626162393334306231
30376239363165393431616165663132666465633438666632623461643635386436636166313539
66343338346133346261376336613132336265353734306131616566353662646565393466376431
61613366643265633733326130323437333530376234383131336235393537356266333465333166
32373338366330336661646564313233363264303761636533313537366339353836653039663131
66353866616465666337333036643631353230353533663838333434326130366461663964633033
33643965336530346265623365323139653365313831323365616538666238393639336634373361
31363136313862333264643330633563373266303364333064353136656333623635366666373562
35623664343061363131346537646434323062383864643334633062643837363765383635356464
64323234393966656439316435313433396564336231393765326365316130346563616362386332
61366334393431313365333261306265356664376133303762336137393736393134653531396239
39643663666433363464333364623437363166363662376330313163363262333065626266373131
33396432373861633838316633383165646430336539313036306266393636633566613632363031
36336532396630353936393939396361626364323463363436616637623265306465346166343032
37366535326564626666643936633131306430613161323839613564646365643561666330333336
30626433626334626264636463666564613562613330346337666336623964323731353232323530
35313831396237383638656335653034623366333936393438313934396662303233653164616165
61643462666532333462333635373635613665353364386233663966626133316139633430386436
37616339303833643435393736373164616562383933376638303338366166653266386365653732
61376337616139306162316265616164643563313664653861653037383863613666373561363534
35306361393162376432636365366666623537643834396563363132646333663534356430646133
35626132623438643861313663626335353964653733343936346565653663326265323631323638
34643633353031613138653631383338303866613964666136376463653732376635363236333564
39346162626136333736613830353665323663343737653064653761336535383638643232613664
61306563316234613766336131336364396464383462333936343464376461626133393638386530
35373936373030356364643033353361343338303136333132366135353333363234386337623930
33663936313535383033333235613638613038653964346336626339313966653966626234623635
31623963623836643532303131343863326266363661626662393130393532616662366230336538
39386336653931383336663231396334653236633162393166333037343133383234336230666438
62316539336365323632343233336137303732663138343866333464306566383238356237353239
39343530366234613430656265323130346666633836303730346538386162623136373435313034
38663338373961373032373138633530336363613631353830616465303061393563653164633264
31646364383535633734626466613438323263363634313564643332643537663036303037356561
33363038623939306137616538316131336336343434336566396536336538303435313939626365
34626537386234373965636239303334303830383836393538383038356332396262313165346633
32643939323161646466653538356566383531633264616534623662323561383938386165313562
34313338613264616130623262646238306462373964393135613930643762316539346537363364
33633233373561616630353534386336393566666664613136376536333037656663336336363161
35656334363863393462316535653534306563353739353330613763326264373234343130646535
30623536383630356362646135303665616230666664656639333032663764383338363164616665
33363838393537356366393632623438363431316532386662313064663239616531616261333831
61616636666563643936343235326133633766313065333433656330396464653338333839323137
36393965343132393931353464323566633432363737353233653935633762363065663837373961
31353264646665386137323866373035323736373738373361373833613437653937626130646661
33323165626435633730633962373962303737623538633764363434616431316236303037656435
66353832646332333964333333313261666237666230313339383363316562306364393334353830
61663033643834636538356563626239373930656337326438306364386231303332343161636538
32336637633239353537626363666637356138383835353864653761336134613031656366363632
66363664366632333930346165316636656134373234616665616334613830656264336464643961
61623932306533343136383530383766353538306539303861383764636161656366393632343330
65633534333662333536376139363264346430623530626165333262636435613261396433663536
63636331313461323235383733636562316235333838373630323235323263373537643832623036
66313363396535633262326661306164613138316336336335666332623564366230323435363738
31366631616631613730306237633233366232626537316430653463323166396633303833373831
33613562376638393430353962623933643130376633323534623166633863383730343238636637
35356334386563643530323937316331316261653530633339376534663165376361626637343431
63343336366439383438313930306165646537346263343039303861343130356130666265363963
35333833393938303238613664353661353061303637663639303830333165313232386432626261
62363637353961386365303331653934366531653235656537386235393839383130393764366661
62303462303535326366373734393764663161656234356362363638323565616131616232656232
64323530656134356462353930313536386466373231393438333264646537663964663739393366
66393934643936323532326437376637656235643330303765636539333933363166633932656236
31353339336337393033393735636633353430376566376234316365323562323666633231623966
33616331353235633161366638396538653866313936316635393339363161666537653564633464
62393437376430373538616437376362343636646564346666353265313539316431373439373261
38366330323265326165333037333465376336323361333662313234313664363732306666326562
61376631306462613737363537313332636264623936393537393736656333326465623062663736
36643061616262353338643163343732346662663836393666323539303931386236343266666162
63386462663435313763313633643036643330646439326435633537336138663263336163313235
35663861356466373062623763353939643933356666363364633639623136366134323737616162
39643332353739356135353261326361616236613435353564373136336533346362326461383363
63363738326533326131653236623534316462326263656530656532666538313739356335306535
31396433663430643533653536306139363461303364323633336634313830333539363134396139
34636630646638613666636539376235353561633563383831363066373463366434623531313137
64336264663765616464346537303863656232623739383633666365326238383438623336376634
39616637636364363834376465383334396632373133363064663763303739346162623161333161
36623537626561313862343239303336663834653931623162356139636232346533386134643366
32613438396566643665643035653164656439303863396161353830616266373530376561663366
66633566306463623038346435373834616564646434323238323539366561666239346132656461
38376335656135323735306438616561393461303632643866636566346433373863656636353263
63306662316261626438373061663634373430623865646637376431353732333962343135393535
31663535613533653132646434356464333137613039303963643338316363633037653636356635
32373366643039656465346361353565393737333363623432313037363262373337393965353937
37663930663236626430393738316661316462386336663334326230323538613833323636316234
35343437636331363461306136656236333363313433313866393930393464393838353633623261
31366462306263353536343635663435336538616239623561643661346639663738386333373263
30393539353165303262373365313738636536646432636132626236643461333935336337653565
39663334366465343564633730303633313833343132313138333134363838363562303762643965
38663362626330653632646163303531386633646661306538343438626237613866316230663364
36623338323566313664663832663837663631353037653130646537363031663666636166613964
33663462366465323933653961363734363836343235643537343836373864613763386638323135
37653063313934656633666565623835383763646463363964636361353238666238333264643466
37313565353133666561313436616233313262626137366133313161396639393862346465393137
36386362383662346366336538373732313766653333613031343831336161623430633964346432
61323765313563383163386539613638386466353837616361393939366530323539346635386235
62363337303436613165376138393935356333623037666239666435656565336533343036326363
39633639306532303633666533306637616133653263393030376636656631313364633930383430
34346462303930313466313533646265356463313564613234653361376237323031316136313765
34346238333264383961353131363564623137313632666137373137663365343333613531316530
64383537313035303537386132323330356364303333326231393432623333336239613335663865
65356364313265346632633930306632393063316533633963323637393163623134633735613163
35633965643830343839393666363036666639656137316531396531656132633036396139303130
32663265373535303863316430346463313766386365616233316165363339303035646462613166
33666632383136346435626665626130326165393730623833396638316237623833333663626339
30336532346330623437343563313530313664623730363832623731373936616338643065363338
38633963383466316461663830333662613230626266663062336530376339633632306162313230
36373135656135396132316533626530386537653062346666376637373836356439616233376232
39393935306434653761363765376337653439313231333235653934373838313732303532613066
34353266663337316366396564636638326438653432373039643937386235636537353133353865
65356537346162363635633235376466653638666161326535613135326364636235666338356631
61333038303534393739636533613263313963343663666237333034393361633036643265393164
33646162653833663232323866623637663935656631386633656263633161316131323634653732
61633137663735626263326563353735333133343565663335393337613161626238396134306432
30366665663362303737393735313634346461633833316337326365326133386263636665353163
63373466316666346462663136353839313834373539616436346532613666313563343036623436
33323236333038343737636133613236666633383362353938396133376336643732616530366433
34666334643638316134323039343262653633373465656264383161646135386336646436356631
32363765313662353863613239656530656463393336393266353136393230316232336262326262
39333564633230313234346565336632313666396636366364313364366631376366643262353839
30343965636135383862376439616231396430393939633937356334313534636431626131653935
30353431653438323138323863653364646535303165393438383938303265353530303337346233
32623734323031666133343532323538353635373531343638353861303336633361386136356461
62653833653536323235333865616666386639323433383162663631366230333938643566353330
30383664333763343635346663643662653363336336643938383862333962313466353966303732
62316438393231366130613235643730376266613732616461653263363564393264646238373839
66363936393466666533303366343732666535343431393834653833643965383236346432666330
37303363303934343838616366323862393930303439363039346636633263383463656264303734
64636439666562366338633865313437303964636632303765376332346634333537656231363039
62323065633735393137323632363465643138663538376233346563323538353736376661366264
64336633616338656162613662386634626535346665343937366338326636356661316433323664
66376662346563316662383439623639323332653764316636336537633131623163333962656436
31643531633566373132653862653038623762613131363463373661383130376463636264376236
64643839333434616234386237316134383862666663626636663564383332396364653033356166
35353031613463353364386463613133316334333664356563343435663537363263643262646364
63363330303632303265343764306233353562653835376632326530633130633733373461316461
30346136613634616362396261633139343361353539376466386234323636396437636535393562
62643663663137626530633364326639343633333038356461363637623538623237323936346637
37363466363566616234343163396664306263643764616134363431663230636131373466383461
66373666623937386261326464663866653033353466383164396432376139336236386162343835
34316538613333303830353230356633376438333761613035653361303438356533313734643434
63353162313330313261636362363430333966366636636466353034313839383135623965306365
37383537326135323936356434326361303032363731353637613830313939376263383866333638
32306366333737363161616462656365656530616535333436366534636462323464663134383037
30303730363762383035623234343931353262353766613831366532653533363639613337376438
32373137366164353735313838306438336566653234643564323433653835386132303165326532
62643436313933336132366133376233316261363561663637343166643264366638313766613136
65653833363139616564633164616563363736613965656239656666663862356137643864613133
35316537613135313736626166656466633061373632383137393233663538343838646262303861
36323761633736393566343637626130623930636361383037326366616363326564306664313432
65633337326365326634653865336436666230343136643239616434376561373462353239393634
32313534353364303361306539373632656233393136336664313364633364663965333339393130
62633638363339613534313831306237306339323032316432363566633665613839366462316634
31386135303832643039386230383966623763376661623234636464613933656533333763613037
35313035306132386331613665623866646435663762356431383137613236653732363566653565
36316333313261636631333239333662393762353334346333623734366266623631656463663939
65383166346561626562336438316163313034346364373864383537363432303334636634663531
37376231626135353337306235646230316332393733376365616633633930383563353632636366
38633234636134343563633064623331326435643933306335386164353039623534613432313365
31663935383230633536393534636262616232366339613831656639633837326336633532366631
66333461343236653932616434323036663134336363356130363639313135306261323437653639
63626632643238663433383332653964333166666131326438373330623561363130626232303166
61386237623938323934336139386362663039303836373831326365616464306130303939346238
37633730653635333361613830303036326637336663356238636463336132613763363961653533
31376664663936666230326436336132383431383132336238316336373231306132653062633736
37613164656235303730386539323739626631363535303930646135613836396539613364346334
64383165666562663064366266383163623838663734396664656337373734613839633162346162
61363765393736663964373963616631623637313764666633313036303466336366353236383939
36363939303039316162366438336238373336323530323865333039613232393161353139393562
61363962346236666333633037306362326630303136663966333163393636383539306234363737
36643864643365656265353435313639366432316130646466303863356438353866643737613363
35653564396233663661643433333962346266396631323331326533393338396562336261653266
38616337393134626530653463343833643932636134666334616366353261353161366566613861
39643734346662353537623133656465366335643666626534303837663832346333396139633764
38303138323333326339396161346134666231393039623630353862643337656265643537636663
34373838616333393233653633373133396566636264326237393536303338626233663865633766
64633237376161383962383437396339336263303430656339323064313834666431323937356665
65383830633736333839323063303039326332373132366434656663326465353466376532666432
39393762383562356564643139333263383930306465393666623436626230633465383863366261
62396665336131623536653561336265353065376236326137396266333037376465303734393633
61343164623133303231663064303238363437363238376434653131316434313533333436326437
37366132326161336161666436333338656534356634643864393264363033343139623334353834
33646135663035353536386637303466313666313463646239646536313831353266623065313336
65393335313663613330323039646633343832376236643131633163353433356534373463333233
39303061303835353236323164303339353164343035306537613365306364666265653864376232
65393565643764303165396635616233303766663139386161353838643438316237323131376530
32663065633938386664393138386563646239346339646137303435396235646462663337326631
36336565643861393966366263386134366630373766376163643631343964353037663231616630
36383062623634633338626661663563363030386433643664396536393630303831633136303138
32663461653434353434663732373534623466613461633161383362353365376630303037323230
35613362643238653937613431636163316332346632616239653139316530333661633335313064
62613465666635333465333164616137303264616336396566323265643330613266393132386565
33346437393535643861653761363661663034666164343131646534326162656231323865366436
33323365336639623836386237626664333064666163323965396130663532323164316664623834
30653736363461666434376533663265383438383634323031646333653362353434633939633030
30663836396365346133333336623439396235333464396434636264336433333139336337656430
61333136323066356536303737386162393866646238336233333634636231346463333432646434
62666265336265373561363430386435343366346339363434383662303363636234353664346131
63323265653839313931326164633839323961373737323837333364633739366239383630313566
30613662383361633035383532663834346436333363393737343164346330363965656138353932
31356534653039326338383563613232373935353362636332363932386466643266383138366638
34383461633235313336323031343537363835343836333862396463316437613330663639646630
30666464363231653534363264646661376234653932393237376139636633623239336562353736
34663630393135333066393863346666646366386261646634616535663136653333653233626565
38386463323739326437363464336431643333303438323933343636393436336364626634373932
61343535663438363032633231353561393031373031653237386233386664383239396564636639
35613231633663363861373133653639366636643234363435373235353037376333666235613234
32383034313632653130396564303463373032346532666539396262373564623631393731323065
38626439313136396564383536396132376636663661333162333864653665613331323331653166
63383535663933373466303339646635303139353338643233643835366631363232336461393431
62303966623030316463613934393262393933656364376532623731613832363465653061393966
31613034393830316634636263363665366366623531636432376530663832643765613736646238
64666531353835316330303639386131303566383466616439303464346261613539343066326234
66376531333037383139303930616630646638633465326133653338343939623430306361303165
38313164373633333464316265393465623730643261636666623363396364633632353934386561
36353136363639613064333332646639313563666335353463396366666463313831363033656633
62306339343963306461653034633165383435396366616230373632636438343638623731303866
65356133396265323765303836613739383138353938313439323561313664643663646332356165
36366163633931393064333239366639303534633639396462353863633931343161376437643766
34323265646331656161316530323736313965353562303333343032343139356363666330356638
34623335643561386636626466393138366362373337646561616264646535306530313435613830
36303339393132623237376232613330363938616333303733303131636131376233303562356433
63313933613435333834336261393065386163646331353761323363613465356338356566356466
63376162353563393533333733623534613333356535303961386361613162653731363963333363
38653338323138386165353964653936623462343131343437643666386139636664643134663662
38313136366235633764386334373763303166653833323638383161366264346534633337613336
39663933613765346661363031613564396462646531643764323936663734653131383463396665
36396233323563303538373536313932653839393765383435333264333230623538653638623866
64613238386262366137633665346334656433373037643637663964306139363233303638623065
38656631313134626465613636366138613339613838313734306639666633666565663263633932
35396264663532393762643339613065366334353633313861393935383239623630393336333236
62396236633634326137643465356564623731353034333462343935613630653035663465326561
63386537323638333331623565303733613364613035303834336634353963383139383733383439
38383464646366613464646330663265316132383134653432656332393666333961366261646637
31333337333736666362396665353536626539316137373232663334643561313435363333306431
34316439386163376565393036613264373662383635383730323739643031656431623662656465
36363164326237623838376434336538313065653264613833383134663865356138353764663664
32306235633339356262383737353134373166336535376237343732633933646336346666363237
33643564306464643832666464356634663564393235346132353361346262363137653131383464
39636565333833346463643437613737386439653963633830336631336263386165373537616337
61633530386332626234366463363038363936313538346366393661636536613131626431326561
33613231356361313565643731653639323232363266306334373163316534306463343433633266
39633166663834623664336233313630656432306363363838363062643162353235363332333039
38666431376361373861616136663562383731373131616662323632326662396131326139303737
61613935306665376361303636626131336435326231356636343631613733336534653931653630
63643538363964646537363765363238653936366666636634373061326632646538613732343636
31363931323631366230363939323733336130346163303765666362363336633337343365303663
63323139643539623035333866323139323931383737336534623864636630353862333062633761
64346437613262613231303032393033333434653136393063313561653336396638656234326338
36633563616533383933316131386237303536623263636263313662306632326662303536623039
36636566656138373336346330643835633364333862643230663166663030663062626631356330
62626132353739663163373138623735383461663163613361356432353839343664616166663331
38623839623434656264343632356364393462636364346334353435643031343235663837386335
62626335646161306666646331353239623233643666616362343865306337353064626431396135
62353230643433393136623466353762343062366563356562613138386666346135613630343932
66643937663765626637663161656532396161646432656536323338343766343132663333343961
38366439653862323235643831353164343762313130653661666563313534663438326636323539
32393730323435643635616538393431316635316532313263633139383764643937656134326539
64643930353633356437333237666136313036653266313665393861633766633030336431366365
30303139643232666232386133393564343564643337363030303561336435386232643737613536
64613531636566393165373664356137623964656238323039363036666132386531336138616537
63623735386435333839333836336363393134613230653436336630623662306533313063333634
35336639316330633735313336323930656431663033373538313562613864373233306532333466
39653331666164326330363166346534396330613962383936393061316165656562373638346531
37383131643562316561346530646662663364393966633938356664346234313262333038616664
31396532323466643535306339333966356562666163343336303138313936663563323563363162
32323338323765303662666337376665663466343934303933323638323632313833616362613338
65646337616230313562356664333236363166313934373438323561313363373163336463653864
37393434616662663633666164353632643466393432613731366666613061623036313436636435
37633538636132353433306637633966333030393037613537326463653364343038316138666436
31613561363762666661316630383862306665393365653130626539373834306465306664386631
62383139613931336435356365393435613533396264356334346133663430386336366334346637
38623632343039386161626137666161323439623065373731316262666264363238616333613661
61616432336364616633353338363665383432303433306236396333376632306239633830656661
35386661396234393734376630653139336630626431323562343663393532376363666634356666
64323566356630643336393231353633366438656536316561333363623466623131353831613064
62663736646336303036363364316230303233383963373164653834643638356364323435633965
38666261366131333063366466623465376662373134376262323833666664313938333666636234
62643763373461303930323961623161333430376437376234363231396235303430386561343634
36323437653337363461323139653232336432343338623139306664393465623138373662313062
35653761386531326238623037356565643331346265323263663239626430316537383166353464
65383935613636663565303734666532313635653666383864646361633362666533353433646461
38646631323530316332366435373762616239386139313539636231313865643232666136313236
31636535363839313539323234313134386364326461336332626666323866623431643765626133
31333534393333313535643036313665333838386266353965306163616433316237336237366663
63323333323363343739323131303336346635623034646139663062613031323039386338326131
38313461386532623133613663303830666634376238633563653362316662656534393037393866
61663836623462333265333164666163323061633063333766663937613364366364306137373066
64643263656662396663383434643535346434346139396139356164323564356138633634643034
31613532333137346438383830613965633538613935333234343339393634666237623765626533
39393861383839646637316631333336383439336161346339643733613534386530313530353636
62336431653635353835356139636165653865383437613133626636326664646139303530313631
32396666303165663739656134613331386331653235303563616663636539316466636662633163
39373265343737666164666235383138383866643439393838656530333938626538366232363630
35373234383666336637396262313561623135646661633762356431316162666536316261396363
38353434633166353836616630316666363337366436313136366639343139346134363130326263
31326163653237313464613063386465343439646336623932333731306434383961326665356165
33636235643433616165313861326533333565663031663264303761386538356361383837363736
65323230326436396366653963653762353930333330383430663133643561323261623636343731
30393136626164653136623765643364326532353362333639626637323463393834613833333466
63386563303033633761376338333830383033663339383038343263376232313461376231333434
62653839613266396536333237376161393039636131333262653363336665376263373534316132
65636334616532366165656132663864646562366334373332386636643030626465363665356365
64303461666531363738386563323361323361373163613132343165386461633830376131333361
30623231356561653463613061656465336166323230336636373339663531313565663862343133
66376430323563626363346338323037313562623464383064366663613861303366373333646336
34383266636433363966343132323133646334616533663362386663326563333365326365636137
64333365373831623235343631373061373538366465386330343462373131666134336261333031
33313035346137333961306233353837623138323065353630636132396663663561626661356566
64393463653531323162313566623630623461616633623062656465373135353530633331373665
62643065333938636362643534373735666461613435643062313465616438363666356239643763
34623265363161373039623563383134636332613164666533616430313634633666366362653266
34386332353162633261656630306461613730303637303465316561623634336234633364396234
39633164353332313163323863333335643035653764616232623435356336663135396537393264
36316463383738616137316534626334623537353634643534626438646131663938633538633637
37623263323135326566303437363830376631653831336132306138653839366139646337616539
66616335623636623935303966373038313734666138316131393132366365393230346264623662
31393130646532353766316231646565626130613536386462653631303637383131663332653939
30333733346134623766636131306336646534386666363536643434336363316532353663636137
64663362376561376632633265633466386639366139303063353462346439353462613531623965
65366131613936306133333162353762343266313262366532663066383131376638396631303431
31336432616638316365663064626163346262643235666431316133383039653136313934633362
61343062386265323665626233356638343266623638623562383261626463616331333038313530
31346232376462373933613366636162626361623566316637393862633030666233363639316435
38323538356534343566323164623865646661343366393431663964663736646330636534303962
31633764643737353834353965316363313965613161613265303666343932626431616439383565
39343238343436633434393638663861386230326465643239356266346466303136626265653065
35313764633637386230383566303361366130366337653664323962333964313931613730616232
35313238616463396462343331313465363231326535646562383638393932663638373833393334
65323630343265313036393830393433396439636635626230346239373565366366306262383866
62383337353138383065323961666437653535343064303731646135616566626463643334643333
32386363666162303238356334646566643238373230663963346437323738613166303637316561
64613833313837336635666166663638623933656131393237303061343032356235343631336566
61636330373935663539666263303366316339633361353232303737313739393361336133373933
31383839313630613433653837306637363762353666373132376639313538373037323532323130
61343765386361363032666235646638383765636636363762346338633433616633383364383237
61366663356461646561363839663462303633653534666235313962633939646539303730376561
34343830343530616364363937396237636162626161386534316334323533346431306463666236
30643638343366373663396562653034333266366164656437626262343561373832653465346235
30363763313932326666643537336433663432316234616636646430363036643562343964626337
34373465396135643834623633353035626565336530356336666664666131336436313132363865
61303062343665663362623938653838383034323639346334636239346630623766646137363465
36303064616665383266633539343336626264623239616364336362653866333364643661373963
61663963343632323431373664353963373034633134646163636266663530666139613236313963
33653264623564616466633535386166363131386161626366353363656631643332616236646236
32333139363632643361356335626339366637373635613731393964613263303937636330323839
37316165663763373263363134336162383462303962303130323331353865623965353535333930
38613533663266336434623731663732613863386637633630633534333663656137633839303363
36386165656461653963353534383636663562333263366133646435353935346333303539336537
36636261393661616139353263643333663638666262313565636433653634373531383565663237
32306131333665623330646466383964363566363937643565316233326131646238373634396266
34306132336364616630656165646231633234346362363931626335633665373965646465353965
61336432346566333063346230626232356232646564643662633531363864336265663034613835
63323563336633363435636630306431353633393163393064643763346435323430336539356136
62353532306339616461393234373137323966613564373836623262656531373861633665633536
61396331353664306266373333356537363162323862663834653637386330346330646666656333
61663664313264366263383336313633303435643230393136386561653937323438336138323734
37356631333337386466356665316635326566393864383363323832613863323466393933333833
35393466353363663935373065373864326465616334653030303362666532353037613338326531
34336565363533656339336661323439383661303163333537643238383633303662666235363136
31353634346661386439643838313363323732396336393561323038633034396364393235373061
30663239616466343634343435306134316663323864393534316532373832623862313566636236
63663033336462653462663665323436343535616330363839306665333836393964666637396534
30346464313535316163613433643265323139353631323332613534326134396265643362646231
34313261316461366637633537313139303436323638653532356238626436396165303864373366
61393661653834353065633434333336663234363138343139633238346161336438663939313931
61346235663539336333633539613030363937636237346663396334303964363262366635613539
65373433376362613133316639653064346164393730386263626330323765303963333165313336
31323739633238626235353339383430653164386633336263373639376338353463626530613332
61366635613835613837616331646364306661353930306331326135313733336636343634396364
31343462646663333966323331626435343837363563386363316165313263396334333962313930
32623261313632333234313136643437366338336239346237613531303663616533653861336536
31663630653933363766613961396632386333323538316634386262663066303238396539353736
63343937313966313436636434313130383366656230386137626238353539356466646639303937
63643165643734613538626431663731373763353136343364393234373233663537363961396335
61393033343335323739346536343264396238303162633535363363393133303837346234643564
33616333326431663635356430386239396333353931643466343939636361343832333335356666
65313439323639343361656465333132373939343139386564613437303662346136653431663133
30376661363530303838386537323932356263303338313332636130356439386237633566363661
63353164663761636136623532363231636131313165313936376333373537323339663465653233
34363861396366343061353434303865656337343239613862646538386566623837633264333832
63643665373137383062373232386135343931306530393363396338623237616436666331326466
64363038343839376466356433666130356530343938386364313464373832653032623735323433
61393235643963396133356537313634663734666638313835663434333465646161303065393961
65393164306638313961366363613536353132646263636162396133653762363936356338376435
66636534326332366236616266666461353263356165366334306464323738353638313131646537
63386164366466333764633730303630626266623837343630646439373162653638643436393937
31656436616337623336396139383035356235626266336162336166373636393037373538653162
31313033616630303932626161643861333737653739343135313038643638303136663732343736
35386239646561663633616230663736343733366332333061336237306234623131353365633533
63366437626237316233623864643732363739373865666438333535646562373961623039656263
32653531353137326636353562333031313533333362653335343036336433363563333666323963
30376664643437333031623034313634383863363430666336333363323135323863303037346165
36346337363731323463363665306465363563643735633763353432363664653662313966313131
39613538383435356237346166353938353033643730646232396337353863326165636362316530
65356538323061653131636235303439306266653335616634313138643062646464353530633863
35303364373766323463333838633130353262616561653232626135366665313162323334353838
34393566306561376338363033336631316634363363393432323139313637333437316137376631
36353037353330356537313233383464323266353761386662396534353738613331343337613865
39663533613034633562396238326336376161643038636136363738346563363261396633383332
66626665656661303032313062653537396536336332306263616635373131373739653733646633
36393838666638643265663434636136663263626664336334316463323034376361333666373862
65323338393136663562346533366238393562323535343865666165306436383065623466376536
33326363633835386332623035623538343231303735623932643833623734346432346334613066
61336435383839313630393734353264613633653337383634633538313461323362323164346538
35643332333662336434616438396638643761363930663031653837326231636132326333393363
36393864366632386463323234343732346638656336626638626638373638653337613566356464
38373866613864653439393933643366656538613061396337343465303030323962626631643533
38623834303430386630383266646536373833396532366365653362643637643762356430383061
65326666653433306362616130303231353639653861636631623238366165373435313837383334
33393462303632333765383339383165373165376661623865623863653261643135613539616335
64316630313135653239386436636134636563376437646439336338623366356232646364376464
63333162363639636338393132303461626337643832626466396636313366316534386638613337
37653133326365653466383733303863653939623036363230616439636536313730626439396163
64653766643737653730643835636234626465383865383266643863643338343533653261616236
64663262653938613830383434396263303338313334343933613461626466313362313932386363
62616362343631656466623734643166323966346631323365333632376663383635363135623337
62613863623936373164623430346662333937323664396264643836666433393166653331396137
31313265353637393962383464653239666430333231373439316531646664316663663135313837
63343438626663613835656138373963386464646637353030363039313533303038383462653530
30653161633334353033613936666366326537396365643638346666303863376362313366623432
35313832316566323632656135363965316136356265383936653137313331643765326465613235
30376565633132366434343930393163663762373664383734356366663263336234353665623731
65666566333263646135396466633436626139303532333136623366363464636565386366646263
33376537663935373663316437633134633961613361303262393037623461326236393937633437
65643361393736343262303461646232343736643661636564643032313032626431663764383533
31653830363635376665376430336462353737393036366162343732323661636437663565616334
30343462366236643930636436633733663632646331383838623930366363373839306266346439
34386637313635336431653461393539316437376464333536323531646165643361336134663437
39306533333164613738396335346665383762333663623966333931323534343162616232336165
31666436353436616563393364383863653366353833333764373530393237313238653564626438
36333839623465336532366230613565393433323063313665316361316333376566623535303934
37363334306138323564353139653035323431663830636263306239336638323534636363353334
36373937343265366238323732663935333930346464323261336635333766343364373265316635
35633461313730353932376665333761306361393239306661353030336534313037393831643732
35656533303764393631613034366365343363616262366631383533323935313566316433653164
31633932303731373764663935356665353262306132346136353133623138393936343665373165
66373932326237356663313132623962333339643438303535393938623730353966323534386430
31653166623439646463373166326431376430626639663233303032313932363739633838633139
63333165653066646530363131323566623964303839383734393066666431336135333566666333
64306361343239613866323161323439346532343332373038636361663037303461373935376162
34343263383534626164653836653438343332323065633939356439363537613539333761636136
31313737623561663563343331313762366439353936343838386164383231386338386133623534
62386532343566633730383031663636366264633632363964616531616466656666633963313931
66376162623633303934333430343238393134623565366266613932393530313062646461613934
33383933653065356266666533383763323037626339663461616639303631356564646163653134
64393635636239343539336432633166663736666566663963636337663231623739333031373565
63383264633562653234313862633564306331653762666234383430383131643633313333396631
65666630366639326165353831373034306134646464313235666231633131616534346634373966
33386466363662613366316537383866616665643336653230373965346535353261353564636330
38333064383131396633323234353963333337666430323262646132663035666436376131613731
62616261373364363538366433376433393562643438663535376135343138343531303131633366
35333331376166356539616333346130386330623538386537376233366236353161393732346237
30633934306437663530373031643137396461616465386165353938306366363839346235323933
32626233326635653134383164303531313930616666393331326434343431366634656136366163
39303739393034666465303838393466346237663131393831373962663634313265323966313837
62343839373633353637613562633062363061653938663761666236306262333933313532353435
39626165333938636437623934386335346535643365346433323830353363363130616462323030
37663566356437333636306634306133346464333066626136386138356134323737303961303464
32633064343136306131656231343261356134626166346236656137656564343232306430313331
65633837633666353262366639366537386166376639303730656265363339313330373061336463
37666639643636316665356136663833303565353562323932306538623538393738383162383832
64303663656336613737666438336539653932613135653966646135393339363064393633653139
62643630616331646161666463396465353166396336343163343864303231333739656434383965
62353632396431303266366238643736346361383237333966393531353736313830643334663566
34323630346363656639386633656336353038376566356464653063346132313562366136323031
36373062623265303539616531643861626231356135316631333434303538633365646534396365
61333161626333653336663531303036656531346261646639363633643966343833653938396565
30633932353738633734393439356565333437646461626234333765396332653734316666326338
34613431333363366237613830663530623039336633333635343165623966386335336563343261
35616333333961616539313264386139343235616565316632323464666131353938623839353233
34386130666139376665323062303561326438653762386566313234623034363463366230336562
64633439313331633236666237626266636562323965363261613261623931663364313465313535
39663333626331396533353938366337643330663462366335313361643339313065383266623832
65343332333562393361656565363930323964633665333765623735633462316530663734626462
37346461356262366163663265316430346330336237383931333032613135643034323863643935
39343563656265366562386438306566653937646461373664346537376365323330303062363061
32336262386364363433613664393135633033356565653232336339666531643666633164333966
62393062323439663663613066623739663530353166376266623131383435383163383537613835
37616433316663653830633063663665316461396466653961656130343565343265333866393766
34633465383062626435613336363538303430313338353065626339646538633838616666663933
31653932633433306565353437353661383732346433613964393265323335616262313064313435
35363637303766393734356634613563336662363366306265356135613263623561356239356264
34316562316164613132623336396538373763363434303334633736643337313362356533323766
62363432343538646339333734623932633434313064383663383065626262346638393231356336
65653364626237333465613637613134616266646263633665656233373362653538346337336564
31626531333132343839383936663835363661656338633565343331353933326639613666373032
30393662636233353037623830616235373031633833316162333033386132613936623162386535
39363336383866633963346265623361663531623561303661663738623330656233633630613065
3763
