$ANSIBLE_VAULT;1.1;AES256
64636639393761323832343563363733313334373063313064356436363364623539393336663966
6463383033646364323837646435366361303961646330630a663065653662653762326533363961
33376566373164383133393535326335383865326335623465333633303739353437393061313864
3364623466316663650a313538626633663631353536383434346232373633336663616631353261
34386234303266323366366339303563326631323864613162373134333836353431353038633161
35646331386533303263356565316134636464616466653539643366313133646237393263613266
65633637643931306266393461333839663263373463383065343062663431306430613632346662
39373232646461643239393536336430316330616664613364666632323036626137313333393364
63626534666164663439343936396130396663323965366530353434376565323939303734386563
38663335613539373466393265643863666238313335373263333361613039343665663436306638
30633232366434323032643535313436636463633936343338393836353434376239323737356161
30326366333839356331623132316636353165376264303764313266333363386634353638663639
33653838316237333537623831626266373536333063393934376232633134653633643339623031
37646339363534643731323163346333393262383965393638353239346166623430316664363133
33353463306639643263643336383362383035633065396232306666373138383635386135303936
65356437663063303265653630353832356363373966393362336430636130663065393662303535
34636130626239663636393761303731653163373265363230633830333533336563393863373766
32353963653965363634623632623765663863333333373334353937356562633663613235343433
64633533353235393564373138653566613234666266626366326634626430613464303963656132
33643563633430336565646636663234313631386261636334613630636637386566316262623134
65356433303436646539356130386166393362333763363835333235626630313136373562306231
30386633376635616134343238386138313437623437313535666564623630396337303164333761
66393738386331393933613337656330326335333933613332386439656439623330643431383564
33376339643236303430346563346631616334306438396539333033373734383961303564666264
30623861323166373163633032363139316563323539303965386230313361373865353032316436
66643630386462636131366262633063666466356261373030336236323131373439646534306564
65373539323862626531336639643365353231613164346332313335326530616634303063306533
61346563623137333234333737366239363564653230373839396661623230663461393033376262
33373333323036656532613938313739663838313266623561313334653536616439353438643236
35313738636138346334363232623736346236393866666161396163356630333433356362623639
38643831616238356339326164373231323235663235386663373038313635633466323235633063
35336666653234333132356262643230613031333230613932396165363132376664366662646530
62666366326531643933333236323532653636323161373535633631313739626662636338646433
33303965393631346232363035383966346266306261646535653230303237646335613837656639
66353137383034363635623831326334353632613836643235323965343666326664363839353166
34643038663166363065616434306430353063303861633638366662343961613932353334393137
38666136663535313464343963383736633739313433323963323932303032363836626266376334
30643933656265333534323665373366616337643131366562383264366262336563623566646331
61653062356465636330393236356263363535303139386165376435343261393337393839303630
31343362643936646538363561313035346632613931663730316364376363646134396332666130
36396238666561616634666332343336353935346536376339653734383362343435643138396463
36346432333230326364386535313737653038646161373534366332333331303237626565313265
61373530393137333836653631623064653062363936633032336535383637333939636164396365
37363234306533366137613061623663303062303063346363663539326330626165306337336161
37313032353733396631303062343031393363613939636565313861353162303136346234316434
31656164663164303338666137306637663334386134356261313764616666636534646136343062
65653765383338376435613235613930643163333232323463373435383332373630383563646133
33356539633764323138633533393532646363633634643832626635363631346436383233646338
38356339303430636263626630646233346434346438653437633138663161333630646634306638
37393531336136353166633666653061626432653034663833323534636337393630396436653763
37353232613031383565636536633832653835313061343733636266396363323765316464306266
36386636396333346363636134653335393164326166383834353133316665663838643566306236
38306530666362333631393339353336313839633066353861353432343365616534616536356231
61333466366436303963666237336563363766363335623536623035363138316266393636643234
39393865666631663836376337613861323036616539333962346331343763363235363831653330
37633866306338396639663237303738666639313865353631393930353962396638353537616434
38343033646431303039346563343439303333333933313930373430336330303061363762303662
36626233666162323636366264653631653837303665616464316334333536663336393234333261
61336561393230653765306165623039383135343063323032633635333964396337323032363232
63323864373063393865666530336439643634333764626362646634633936386633313839313430
65366365363665316464303564313032646362303939656435373264363366303637316531653963
32646433313339623733343938356664623165376330386561623461323532643465376435386438
32613439363530363236336336363131393634386331393734646238643562643564656265393966
61623861313831333332323564333332666533376436353663373062653935346632306635323332
30633465326630353931653935646632313431333061653762393432643063333337363534376635
35386631366661663232373562386261366162666239363239336261636431663737333364616263
38353332663061303965333661396437383063386362353862613362306530653038663035323134
36373365373238663433656163616537306136346665643935313462643436343939626666386264
34326630383466333863306430643061383764636164316162326337666466336436363462613930
31613263316633396332383265363231646634373934323531353433303034316332663463656262
39646435333066386530376434616432616531306538626436646661336366356336623139623834
62643362616437613065613663643463616161343132666263386562623362393966383231343637
36303263623438393236633366643965636565656634313932383566653161323566336537333465
36326163303965373238333631633730353164336264316233313230666431623835626332633062
39663836653639656432336565656430643439363638323935313163353163616437626430396237
33323538643736343032363037363161393032303432313735336362326131313663336333303531
39616362323238363031653331613338343330643537623063323231323865643864643638613930
34643534353438326265306135383463326338383765383838363039636232303334356330663936
33636166356135376636323736363166316562316661303034633837353766316138613834633630
31353164333338386339383233323061373062643630323534313332303238326433303336346338
62386262373636626534663939643566613963656264353835623864656137626664323664313336
62626230333635396132373530623966386231656561633364633831323362303336326535323862
34643336623664616564306535393730663133303366626265376466386430303661303337313939
37356135663236666436383061323562663637373334653362623833343831363633323338613265
62333234633535336535633339353761386234336564633965346331366361343764663334396462
37373164326563656232323534626230626335396636336132636166326539363062336439633466
34653030643363633733633136336336306638393834623337663239323738386135383133313133
65383934386266666230646435623438333562636630623765643138623661393363373632626364
63356262323736613862383636666637626635646134313634303936313162636366363963623261
34303762616538303863346562643537663732316231633236303766343866326134626537336361
31356338313632373134616336346432346239333163643863313166343065653038313562353863
38393466626537343530656262643632373338613837333034386664616530656337633337353132
61353435383337313932366361636631353632356131303137366466396537653432613863326339
30326130306633623666386138373965393661383065636532343537313234363531653335643063
33306465393834383661306630366437393132363165666666326561623433646265616364633066
66346534303936363231323139366163366237653763643266633330316537333830623332633034
39613364353133383733613731653731313665626135653030383433623634613133643161656632
38363732353839383235633862343131306131373363373634323066313230366233336164383166
37353434666239303438646662623264396661373839613066316536613764363662653833663436
39393866336166323932363230656236626166316463653965653932376661353633663737353039
63346163373932323966613861393233316134333335303761626230623535316237633730653134
30643136666334393936383437323362643239613937616237663662313233646334663332363465
38636233396433633264366565306131393062626134376133366162613264636130626666653963
65316565313766343037333434393731666437653731323966333737386631393232316464666461
39616366613664663661646533646663356138323434326636613236313866326537363036623465
65666133646661613333353535333962303532343566386561653337393066656537303231303834
39316663643335313231326666333262663863653236373334373033666366656430303639663666
37326232623832353532303839363562376435626461363061313838656433363431353234393538
38373762393930616134346237306162306337366432326637333064626333653661306237346234
34373336633238633066353662613434393237393830316534363762343231656532313836333663
35646464643139383065383430326538323064353164366435663332336634643235613037316566
31646639653331383331333435396565643763666664623062656339333536633737623037326539
65336365373234363136343963363162393563393531643635633435656265313535653739376666
34346636303139386164333661353837623734393030363935386166663231663336643830353830
37326434646130356265383065363462633635646537666634343636356263656437666561663839
30613964373334643061626664363832343039376463366437343937633661356661643466353366
36303239313165366133306334306261323031623761393463623836313166313034343666323837
31336137633134396533643439613666613433616136326631626666653833343261353435313863
66633363346232316639356135613964386665303663643033313665656131656361386535616566
35353430626339636433336163303033363461393537623831613965376535613139323934383037
61623034353338336237323561393037636433363535616535333436373066646663333036303566
32343164376364646635363964376436383661616130366334323835666537386534616564356432
32623137633235383738396538336332373536656631333135366165653861616233386439653537
37636161633961353339366335343832363331653561386538313934363939363931636433323838
33663139303830353239383939346266626361393064353361653865613066623539323532613338
34363361613362343139383261353064323431313665356536636539356231666638626338633932
35333632333831313763313663383637353937663133633938363431326365616463363134356530
38333738653639626264643865323439363336613937333566383937393933383961386131326562
35373636366631336337383236613463646538313635333833303561386134623266623037356135
38653330393635393562396537383064646139326432666563323461656533346337333031323836
65383338336236363635323362633761353738376236653539623038623638393832323234386364
63633762383735333035393861343239356231323965653365346135336536313939653933353839
65363435313335393231323761663931393330633232333934303662373038326434366139623534
65633461633862623731376637633632383633643965346639373563373632303537653839333632
33363738326139316164346635623761396633616664356566333661623065663463613639303439
31346236663034636634653536663765386130623239616333383235616430663761656463613033
66356231346131356535313061373637633435336638623234626661356530646661653430386461
34356661373534303136353130373264353265393030636232646562663137383936303866386366
36373531356263666165623630366330636163336463323137383131323566386363666562376235
30323130323136326236346234393838363861313066343166313933333738356231653238316238
33396661666434636338323735353361336332363861313761303234346139366534393638306432
64643834343639653162303839393736373330346538363966336630633566373736356638633436
33613433306437643764323637396331646161343933313164636261636537636634316662373338
31633534373733333663633261323232333062616535356234356436643538613433626461353436
66353939366436666166633736303731343438393561313534306135313864613137373863616231
33326231393331666337343236623764393836306435666635333763373664363061623139303165
37666433366536306331343438633032366130346265333833623566623065636438386665613732
31393231326161323761653633316135616438646631363264313463623663383233356436356639
35333839366337333562386366373462646235343931393736653132306463636263396235383363
66323265643964316237343631653633613133316263333366386438383566346235656263323432
39633337633937343335646534323732373561326636633830643039303830383064353731626634
31616539653234376130323865353839383639383836313230306461333635633636626638383138
31653639646662373035333465316435376530366636353463366639373037643630336536316561
64633564653965366463386665656332623834346333303262303635363231663538346566346430
38623435306430633135366538373232623464363339356261356363316336613532633434323430
32303031336239633435393963383665313166356237333635316138333639316336376565616430
61323466326432643534303466613337636334303834386563336464343939353462363134376634
32373136623537363238623539323533666331653639613334376236346437623332613135656262
33656261396566396634333831653832626464333861643138613166646564643638326536626566
34623735356437313330353030376261343463383134323039303161663335613530633530356462
36633065613633303666333661313238346233353763663466336530396435656664653861636463
61373133636465633832656465343761643239633735376437363830303231326438663738626237
30613636666439353062383137646433633338363339366565323234383034306566313835333965
30323638323733613761643562623432613464376539616665323134383162316232316533386433
64626438383530373031363139393330633238353139623432633366616531643338643138393066
36323064356361373430316261366439646331366430643830336533643736616430663337643961
38363261386663313963306138623838653535356565333132343065366562373537323136643239
65613433366439326237666533346662323462636265653536376261653364353338333433356637
33663430393965383764323662663765623036616139383837626136353035376135376164323862
36333534643438643366313635356338356236633833356663353535396438613766653263636333
35663566316532633262653962643333656236393235303031653565656432616330343332646461
37383861656362636639333032373531636531366164613965666432373037653834356532636438
39393262613934386636336639386565346361383837613537666633323961326561376630356431
36616363396666366364623864656661306632376536313364343032333733343131343562633563
30353330333839303062646563366531643434393232323132616465353561613434386636306636
61666666663032303766353036353464336239363661346432386161653362383866666662366531
32633732663335386361306361363063346632393162636335643035636131663932333739386631
31363633633761653364353761356564326261393431646532613134396462633734336135333530
66386162336465363130646136626166303636333134383539376563383430376565373039346237
36306638343233353736356664346265643265313662346137346239366134323763386262613664
33386634393135376436366166383764626138623334383062366162303566356532656238643764
63306163393565663366346535633633383132306163326536326531383263306336666239303964
30313837663635343030656561623565633363643831373366376134396232366661356334373231
31653636376661383765313033643561373766623364373033333066333566333839626530653563
32666234383835393332323562646634336666383237396265626236353639306537623037376161
39633237653732326232336339386433376637333338333839393734396338636361623537316434
36616534366664323762346432323565646466353563656563316337326635656134333334643830
36306639376265313161383638623133306363366439353664613563333635333835623864656264
34343762343739656663383334636130333738353963376336306365333761356134333065613765
35623062633434653535393966323834353363363465666466383235363437323362626663663432
37353361333736363330336666633737383033303462393165356363663733323138636538663239
39633431363930343533346131373961313330646538616663313333343238313036343565646535
64396539326365306365373037616663653731643361393037626464313538343237316334376335
39353866353566623238626435333730393233616661653534376635356537616266636235353263
65353536663331386563383265396566376362633663323037353063646635633864336333373837
30653438343863636235656366636135313436303837383632666562323239663964656361353431
32313862616361636362643163393130373462356137316230323464313539303164666564663836
30373961313733666432633763306565336634616133643032343162323063613932336537656566
32643233643539356637353165343633316165366433393536666363646234643364346330376130
31353431326163313064363530653966376265666337333134376164656535353330373232353130
61646338633039663663663862313839646335386434663836373739373130373766663335393061
35316338383130633435616334653733633138393433616234363538623961356466663631323563
30333738373834396235646132623434363736616634636333626339393562396139653435626235
32643234643435346163646639613961363261653735653631363438613661343039376435333635
61613765373230386533313833626131663530666639386665306436643662663139623538653466
66313865363661336163616662316137643562656632326532306338333131623133656438666263
33643931346230373636373835636533613435313361353636343632633664646365316630373338
61336564633734323034663432303962663432356663303166663631663362613064373836656366
63353465646465383236326438616161303639333732623032666331306531346466373762366662
35353965306665663735636433663235396463353139633237646435653031376133383737373634
38646662326431333566383762366334346438343066646231643165356235396565306539613037
64323032353232613761303733356666653330373231396261363438623730653063366361373839
64336435363065646339356634346335303763353236626662633561303138303763333333653161
39626665303063376265623934623339653161643533643462623062313231613363663035633030
35363937356461383431323238613339336165373832613963373332636339636539326538656661
38383632643136663765656431613039656533366462373338353231623731393239666132613333
64393734303830363065316235363835306362613634643631343437333438636364373935653630
32396534356536366136366566643564333433356338303239383336643637306339336166656230
62613363353663343238643030323366636633376432366564383638383661333663656632663637
38613635636435366261323234393964646435303337353238636633353030383831386331336335
38306631366131386139666239633761386530366362333535323831333735313135343163313965
66336635313636343934303963633366623431383361656331393931336361303961313466396563
35323963636530636461373136356433613961373935663033323834653265646134313531366161
34663731336334356430633862343531366634303162653864643939663630663063636238393131
35393835353966383663316164336232303632613935386531613033303431656563653439613361
32346563336133303633663231323636386537646366613231373231316263333232653663663239
31633139303135376639343466613037386162346264616161666232653966643964376631326264
35366638653865643962633734653263623436323764393163336634326564366265376232396131
63393463356330323032333032366135646337643465326234346136373165396235333431376636
34633563633365386533303363303936386562383963303239303037353265333435373463343065
33663765373639666437376133386339653062316437623464613464353439376539353530653134
61643535323665326632363163626435623036626566623734323231313539656364363339613631
39396363646638373064343436653564333232303936386631393736383463346561303435363830
32646635333730376432323534333837366230666636326364623537363236613163656238303636
36373635343536363261323762396637323065633730373765633137393835356634353938623534
30663261376535316662313464313430376430633635306238633630363137393863343735333666
34323235356536616535366339633036313439376532643161656463303766363966336337613063
38333961663032643564666663393832626665636262653630323061646161636639333830313463
35376433626435366638653938393765663935353336346533633039643336646631376466326131
31633361626332643961653238636565653665363166616233316166376232626339323330646639
65353066303764663463383361653462386465336161333636393634333434346430323130363532
36376665333235356164396138343062366666616632323266383739363463373838333665663562
37353838666566666266653836343164333631313235316261386431313834323137343061303062
34653437366238303739336532383431653832613865353565623264646232393938376661343733
32323937646330663638666666616566393466316466613034333465333531633130316633643836
36393830373537656134373833363563306665313138323238613163653238393232643839626566
63323337653266666231666161353664663135363161626136613331396361383964336132323336
34613261613931373539613630313230363239386161323835633761656539636337396137663738
66343631643365383231336662306137653861323338323863346231343462623364376238316233
65306564393336656337383436663330663034353439303935643532393238643063373836393864
62313838326361336366313339633237393361626335333630663633666665626336313539653764
34633830366161313339313539323531333932663265653235663162663535393062636431353339
61633938333932386139353932333566373966363439323737646465356462373362363737646130
36313738393039336465313839653464353134613163373665373834386161393139353662386464
65613039633062653831316530326538303536396161386132623137643030313536666235393731
65393333396534326531323435383039303937393634323961323039666634373130366636383065
37333432353061636635313663626564346263353166386530383864623232306363333639373666
38623165323265666237656134373765373538643732373061353261366433396638313439623265
34376165376337666436623633646336623939343633313631363632663561383064346465613936
31323139346532313137626234316631316362303565303237323866353661303235353432376438
31326438333937303035323161303431623666373430313764633633316139393564373435353833
34333531333232623865313161366532306466316236666639346235383330306535663634326535
61303965393431313039626435633538343337656339316238366332656562653066323433393933
63646538306637323562303432313830363263313939306564636436626465393133613764616531
32616333636334336232633063653035396461343139383638643133346165383837663565653762
66366563366665343938356464383633353930386663363362646665383663343833363063666531
35613434343231313136656237343835393262613866613664336137643631316132386366623236
35346536383164353262373463353136316532366337643837316135373135323664613762396639
37303837333161396361373565383064383566393466333233633962386535373836383838343530
63393837363737303161643830373961653932303736623964353661363135393361376338373036
63356239343038346362336338333432643266346337313733633032663931613231363361306464
30643666316633623536653835346436303963323464343866313534316633623833666332383639
65393662363266633663626365643936393734356265363738323264383737343961316665333735
64313337626462353338386631636165336462396662393730306330336262333135313364303731
39356433643732623337313464653562636132663038363835316234386131316339303635666436
33306538333736313063383363663833653036643165356264383461653061313665613866613661
35383830666263663066316134373538306266323636383235346566383431316265383765656132
34653334363861656636616561343361646566636663636234306431306131643939353565623365
39643766623363303733646635653965633862616231333230326339653839636434363666333239
35376232343764636366623961323234313962396364646262393461383436623464396538393439
62306534393639316239623336643738386264393365336237353962326432376638313439343838
35653030633161343962303730343364343833663638303164633765643734396363393734343837
61333338646666653637303061373435393464633939633634323464323734633863363065643962
66663761353866653661653435613136613932323539636632333538346362306632653034626265
32343562626430653934363132376535396339646466353962643139336231613134626236373964
38373065663865633935623938373435306433393437393237343537633534656338656433383738
33643032336464353632313364326437363839613438663063616132613363663530363765646330
32656264356337326637383461646434326565343531303862633534656431666331336138333735
32303730613138633937653334636236626463616163353934633666396234663632623664376432
33353531333863613431326266353036376466663163396339633735643465376632363134336236
66666464656233666339646138386531306661393262306236363366376635306565313065616338
64663963663134363330616463623363623735353565623765346530643138326264336363383361
62653962623364363731633633326464613835393838373131663364323566323534656365613864
65346431336433376531616336623161373536323563616430383836376435376536363436383736
38313830366234393065383038373063643733393638623863636236663732356430356534316639
64653537333264386562343334396132303033316135663961316438343631346633626230643864
35313463653139653338666362303661333536636137353732633365303833666232613961616235
37333762623831633637316437643962656162333135313762663538386665613037633831323136
35633163633362633464393461316162633437396133313535326162353334313832323765356435
31343734303935343964346538363736633764616231396661613637346362366434613734646431
39623831336535343764653737323537613430636531303936633238373763356131623236393763
37356163636666323163343632353231346536353163336564353039353039616264356139643461
39643636646266636430336135326334333233343462363733316431633563613836643836343639
66636138343561643563313031393363353233633737636363316162363836616462363532303566
36623536313033386264663737316266316534653032333833376263623863303861326433623038
32383038356131303361616239363766373434323235326236386534306434356533366639306465
33383666326364336532646537356637306134653139346637366466613331353031333534643031
37366664316134376665316531353862656239613330626465346533313238313334633866356563
61633835616137656236303238393431663763366230316465666162303765333032643266346137
35633432646164323538383762373830326264303432366531636139303237613964343233653138
62353631666535333032653865323238396362336330333232323434653564316361653233376365
32623532633433623962633864366136303534363537646264383733613133343537313834663533
33386366313830616136633835313738333932303535326163653532323734326632623363626338
37383539623465313138636638396361313137626135623931386665316565323432376436623063
62663731656430313966383138636338316635383430353032366434333837653736666639366334
62326333313030366630663835653462346362633730643764663666626330623865656232316337
62333936363430636133626139363163613230326464346366353161333036343062646535616363
66313561326139326337336266343065323538366535613665633963333133353362313435613263
37613339393233336439376361356164643232343431636633373563656464396534303434666131
35316363623134393537376631666162303362613433353066336139343337626234383633613832
61333338643835633836356166373333616363373033316333393034346661343834653462353939
32326665626239636537613139623663343765333132363639663736666465386339366335616461
66303466336636316535333632316464643264383939616365666232666338633463313435376439
66363661613864663633643932316164346162663766333564633666396631343965376231626233
36613134633634656136303931316438633532303739393361343261393736376430333830643338
36346339623233633764353238356639633138663733636533363562343163666635336633323034
65393736333639316431316236363164333030336264366235353637353465333031623932643631
61643537623631363162333832303965306335653964333266356364343038336239313831343536
33636638633364306161663933613035363436653565313065373565326635353834623266313437
63613038646239393161633834653336376465363762313635323039376231386534663233663939
66626262363538633230373637323236386564303537313531343364653663646538393732633865
62666438373831643964326364343832383563383237343431303733343361396263656337316535
62333733343731666231376466343261653365623032313638633932313838616261613464626532
33333736613636396231373137343036383861383932643337383362333035626339303336613164
62363466376265313233643264653735653835383235386234653863373764363563336439346261
33386166646537303162333663303335643464646236616237373235646364333563396262653565
31316364333662636165313239653939633662343338366439653465306333396165306631616631
38336166303237623565346166306635373561376337653532346366626565633634643739303934
66613736653465393764393238323336313531333864303832376463316266666233326639626433
62396230633833316230376633656166396532323235366436666536393537636361343734623131
35663464393532633535323339653938353034386331366135323463343933663834373930666239
38386338626334633863306663336336623932653431336333343636336363363062623363643138
38653164666661623339326537633038396131313630653232383336666165666638393830653230
63633133353633646564303962326332323838366334623339396530323130653066626234646464
64343531393233646261623666633336636432656339643938316534323561666234623632306636
35363630613764633433633166353331383065353962636130393335343062666139353964323338
64366231656535343230363562636239663634353730353661336464393237386538383930343430
35303335646661653332306462613635626237323736626663383965356434386565313631616238
30336662643962386464306233303764343331346366653933633364653061616437393263313239
31646232313336383666373339656262646438636566323733353635366366306134386364326534
61636462313630376164343830393931386631633736366564343864306263346365626332363165
39653337333662613535356237383138363038366539353539303864373635306638303339336231
33363731393731633536343530353838356334383137626162383039653031626637313733623430
36366438653962366137663538643531313637336531393461373039396132326663386534333965
39316561363662386434373065626437626564373030343736316538663464316536353135306161
62663161643863353639306439363838646561636463646633636563663437383337656162663234
64353938643765623037303333376631656539386138333562363831333465313361623538643139
63316163663162343133343364326636313234363934303966336438343161643739666663653061
35343363386264316661346637363937616433323764316263316563613965643965383735633731
61366263653537326236623136326434373764366635613366303764666334643763303834616535
37653662653163303736326230363361356265333962393332356636643534303630326662353264
38656463373562623533393131643361663439633762653337376261653632303864333336373439
63613464613339303537306137626637376638326164643765656431663762303062376665623363
66316363333933643538393135343366333363316531353430666165613232316139636239353438
36336232353765353662623035383965656263393439306366363534306239656135323462383836
61383765653666313264613364386336393336353062356166386435383738653139653039306232
37326234646136613038643464303637373538616439643431626438313964356330616263366230
30393863386166663533646632346139363030356533393431336165336664663830363162336137
38636536343338613533326633643730353439646530383932313037333163633039633633343234
66333766393266343934626366313430396233646631613336336335633464616166393530356239
63613330343436333661323737356563656265373332343361333434646135616466303065356664
35633061383631316639633631366561313465363566643138663463353637363834643961326637
36356631393234663535313236663631333762663632343036663235643133656236303330666639
30643337376462386430383638626263616165396633306366633136316561323665643262373665
36343234616165343334383938613239303664623337376439366430313331373362366537303163
38346435376538323462363265366261666437353963623864316566646438373936323631316637
30393632646436323762633633366364626535396363336265383936663733656665373965313733
62376130396331396366326264666362666561336265373931653032663039663161363838323038
62666166313563386538613234316466306137313439663933393034623361373464386564363563
64666235376165383436653064633734373365636238303639636435623462343331313138323036
33336466326138666461383665303565376334666264336362626436326637333430643337623933
64333264366132343166333564663064323932616632656266626531613139313239346131633830
33393932396462363634643664303135616139663363373535336466353136356462326230353264
64313836333461383736303133373836343033346233623430386133376564313265393832646363
35656534373239353738366666613061626433653032303535366537383165313664663839323333
37643338353963376638613865656262346232646330383662646232656364623831656132363964
31363363353238316532613235636162346366363135643635346664303364346261393836646538
30356530353435643366623331373530356130313761623563643837323032353032303531336430
32373963323764653933353461643136376636336231626633303566366363613430333130636339
37373165323464303432323539666634383830653036306461316261666139383365393033373235
64333362303264343461616562623364336432373735353962646365356663386339353662623932
61623865636261386164393061306334616265376232393337353633643439616539663165653163
30626365383439373337643763333066663334313637333137636631336262336630353365636635
34303561313961373132383938316262303132623730633566356363353464383461333862383536
61623131353932306166653931373831653639316234376533366464623465343265383436313433
36343064656537333262633464636164613430393933373334363938383131616438346239306238
34363666653532633761313431373431313463306135386163366461303939376331366366626135
32363066333932386238363461373938303732336530373134306330313465613230666562353433
66383638343130376331666633316236303032383833343034366238663466653637633333386534
64386563626566666261333931356134393133326639383662316261336330613833393730373932
63343764333935636161643532626433613966386334383362616636333737393735633939636663
34383133353865316431373165376538376231353137663233363532303533666466313037343037
35626432613033666161613765626263363832366338383032326139343536666534393737383966
63313165323835626237326366663965636266393030653762373238396136393863346465303437
37656533633166356231613132336462633062323734613761383531336330616162373533383466
35353866396531373265366334313430396633653832333234376162393161303930666530366361
33363431323231656565643535633261373335303031333734613835646537383536336336386338
64663533663566333964393261353839343265316431646237663732393634656530656638666430
34623439613062346364303066346661636139303831323839663837643266653261616266666232
35613335376663306530326461326639343861613561323538366637346363343539363833383636
61393239326166626136393062383466336262633366306361666537623831633862363465636235
30626331343438333733346537386231666265616661393261623139643936613132653461616533
64376634393934633132323263623832633235353866366266373235643038656463313139386335
38396266613566363566323532656163396164346133343166633265643131643964333461313763
34393066306532343461393735343764393764303532343538646438396630333362393238336333
64353437623239663365626138363037643636626663373832313439383938353061643562346131
64366332656635376532353839323331663063343433643231316436376433386132376330353065
35373733623737633961643739326235626432363638303764363966373061336636643435376632
63376466643337363835353135663066636635373633306466653365373933306465383563393232
65653963326261613036396364303739313935303665653433313333313335646432363436386133
62643130633565306636386537306130653832623739313236346335336666613532353261343264
31623766356234653764316238363266646631356466376233303536363937373833346161623666
39303536346536663635666537353135313438346238336564386164306132373361303338656334
31323261333932343766626136643161643939636539366331643635613161663438343864363662
31653637366638326330383632396166306138366366396561663237303963626361336632346531
63383734623330616265393533643433383163376237386266636363323631643231376334653533
63313563643262653137343131373937643764396630643034303230373035666434303164663161
35336235626461383663636638376439343161663765623962653964303831626661656164646632
64306665373664343865313063623261353036353233613239303838383630646532376233336230
32323261623463323561623536396434393263313630353766396663353730336564303132326133
35663634633239623733383864316538333966386136363466356261643361653631336165613333
38316530616163656561656434343839326132333332313239353632333265383139386266306531
66643737323362353435333632356235356338633338633037393637316336666161373430333963
61626434643931356139366363353863353161383738323532303862313833373665613138643334
62626330323165343035653830633835336431353337633537356134623735653438636634663666
66616164356361643035636262646461666131633237313731363739303235353365303663373766
39653462666330623033613230633463386339363736396164663232303463363138313639323964
61326336326236643933343637663466373935366532623937666664616362306639343166313738
63666431353363666636333661643331653835666433393563343434643139346430366561626363
38356330656366373231333865653234656232646130666131643535353330353139363033346664
30386533383335313263656232633237386330366538363261326131636336363461366465643861
30383563316330343034636231663630386164326333316239663836666365326530653931313135
63346132303863646530326133346434613263636638333261393161323031373762366539316339
63343234656365376437323833343035623532666330373664643261646461643532663333376234
37356366623761343964383063633739343664346631326536623466623265663438386539373132
63306233306539643035383562346438366561386464623564376663393961363861646364333839
66333265393637393139313062343736323230306366346438386339656238383038623335346466
33376534313066363831363232626636323962373964333664633761363165356231636238333337
39343766386236626637653239373463336635326539306630656436633034386337363761363463
62623737623565393432333665663033616561386631646130303336376465616261383833653039
31303364396536343062313966336237343262613238623231326237313966356333333333633334
32353964313563366433643336396666356165626564656331323239316336373631393536363466
33376439336333383932336362383561316232353431336630363462363138326664653662366639
63616332646230346230643762313434383566623962356334633530633937653064383963353638
36353533356131316331653437363734653165613761633533373566343239636232333930623631
65666633356363393037363731343563383037646632356135383133646232666563393137663463
33303738613466353639636134373639633234643531363061633136366164316534343530353564
66336630653863373639666564366235363865626130623335316439616666623166393765346330
64333339336433353037333133643533326464383435663565336464663232663762316564383137
64313763643037376163623631363338386365626336613632383262316163303961353565653932
66333633326263306534313932373561363465333338656139343233393161363930303832363733
39363438313535653166356366643536613563613034383265646334373235646166666563353034
32616632626433653538636663636232356637383834323162626138313564616433343938666633
32663035633565323233386636663732363162643032346131333734363130366563303335343034
61616638363231633234383132343835373239396461313065386463336666396537396238323132
61316237636466306363313531353834333462393061353363353534333634323932653361386130
64626332643538303562366336633331623832356161623132313632383533646261303330333663
35346633323939383339633437336564373735653039383932306564363461386361356338396361
35393233396164346534366461393433373830343666353036626338636634636235393031613037
64303633313833343639663861656438643436653936623762303535383538656361323937316366
31643132393063383464636432346232333761636533656235613236326530316634306537613131
33393261356636363866356632653538346232653965346665333838353735383930383934353935
65666337646562613866623535653061653561623939653034306636316663303562373463333331
31373466613531306163643935653831363232356131303433623637323530623432663835663861
62333465623666643734646432633434616638373564646365376133653731333831333533626436
61323661636330343762386262383939633938323538613339623064386335323835346164626463
37326537323239316533373637663530323538376431306335373262383564663434303635376630
39376234316663353562646666313832633265666530646334666562313262633338376363333937
61303334346534383237323231363833336265363238393064633936666631613930313332306136
63353761323366376665376532383230303937316363663562626134623438303061373633313330
36386561323839386164623961303638626264373566376631643962643232666265353962613161
66623331366235373138633330356633623534393066363861346337373830326636373262663436
37613139616135646465366163613635386563643834326231613331303939363561383531386466
62343661643864636636623036376533633965616233393634623830353333313332656634363866
63366633336232303161316234646264326439353936343561376633376364383738303533343462
39303563393665386663313039353561353734616165306638653430653963346239616333366264
63383665393334346330376434303230633330363030313231313662366538396163643332313662
32636136323437636637646638666134376439643336343739386338383131363862393031626131
65353639373235313332643333366334653833316266336635633065363339376463306561613738
38346234343139643862333039633364343434333232623933363238663961356538613737356466
34346533393235656539643466646531363865376230316339393238313035336431373839323937
65636130326161366338653862386264656266356562626339616465623533646235373430613763
62323034343739396338633035366235313430326265373834363364333734393361383062376638
37666430313434396639386535623263333937353031393339633730626439393561373361313936
37386662306532663861333236626564616237613532626332326338353265303664303861353932
39663366616636383338666131613331623363353537303130613533313031623835383861336665
32326333393239303431663364326433376435666564613861303230383332636234303366653832
61326662326232373866373865613531353561626364313637303730623965326561376534663530
66343465626161646238643961366665666461323634636165366663333235666137303761303161
38363861653039316663316361386130366361366631636565643438613166326366373064353735
35323330643566386233633039313934643032663638366661353662326534613966326638623661
39393036643932376330373838313331356430326338336364346534363565336663373136626433
38623731393530646661666561393536376638343566656134653434653334626130323633363830
33656262383035643762346332653465393837646262313736613432313935643935333661663138
30653830373330646135643962623366613337633733636634393537666666316135353761643539
65653464653630343539313362316361666131313133316465363437343630356538303061613539
66613036303432366632323861373462656564613438656264656565356239383737393766373130
34633939326638376630336365653566353831666239653261306335656531636363383236653431
66323439616531316566343865633462373263616331353336336632313931393964373564626333
62616563613965343738356366626431303736663430616439383961623835386132356136363835
62613834383236346261636430646332333462343330643762663337326134366333383961333137
30373261616435643735633966643561396239643865363836383731363739376363383265613531
61633365613433363566336464393538316630313238303437323237306362303935663839386533
65323039663130626633373135613762623465366336343038646362376262626264613662616237
65623630653736656333306237656435323261363632373239303333623538353037346662633233
65626637666236653430386562306530333363653364623431626438666334313134376361626632
30653938633766333535623366303437316363366463636664313133336334643633353733616237
38653034623731373164353562333534393265366666633032396539616338393336393836336265
66636334656638323533303465323263356463613164646234313762373536333334653264643536
61663265303330373935323635643838313263303535623037383365663231623638323165336634
35333036343961393031613438643531313434646430656638623231643933363236656437393465
62353861356439363930373165313635383763663166643231353966656233613964306465373931
32383965326539353633323838336466666139363063643637643836646233373934373663306634
32393365666537623735653939316536333362306266353635633930633835373136363166646566
39613036626364396230663861376164653064623435343764386462333836613136303564636236
38386162346662626332663335373464313466643934643534323262303939366565393864393330
32316261303737303661383466343530653136623665306666316462653839643563323536653530
30663134666335656563643133613030316131636566373438353638343665656662303732623763
38663265353861393866643639363637633838333837376432613164353933653062343230323336
36663464366336613330646537636436303936646233646336343430643964346131383232393062
38333732343261373237336136393031626263306439383238656435326631666163363538653138
37626135626264323537316463646535633236626130643861306465346138366631666464333466
35313465396337646165396163353937376432373866663934303465396265623965363837346439
39326361653534373662336636633637333534633736343336353261663138333839393366376462
65613539653337613536326565656139666638333533363739396431383830313932333363663930
62666533633130383836373565313636653037306663393562306434323233333733383663366665
33313634313039336630383262336663643031636431653933373063636463323934643436303733
64333264386165353831363461613466303565626530356330313433373636616362666362323032
31663633343531363330383536636337356437306332336563616230616539613330383733356636
30383262383032633039323737386534363863623764653662663062313934333637613738643430
61386665353437336365613332643763323234363063396132313861353032316536383937363732
65646633393737663734363263623531363835323039303463383339653162616263633364343936
63373330333437666338356233636165363033316238336265356133356539616565646430313839
36373539363237613565623464353730643733356531373666393237366235653562383963653936
33633964623163366230383439653332636561346139356161346138363261333832336539306264
38633562356161653731613239376636396462373737333030323661306665336538366633383332
65303338363135653532393261656134386237643966633736663735316632353164616165656230
31366438366136326566336539303831353136663664643231666132643438303132323039323961
63393833396533326161623631313665323364366132666133656231346532636532366232343530
63386536653637326664383661386436393064323932613463343531626536616261386632653131
31623132633439623433353836316437396631333935363965366366663638633766353930353837
36333934353332373361393832363737383432663932653338633464323730616263663565363030
36353934626430643931663065333765663163613236343838323361376434653831653933356533
32326638323964393765366266623338356539636165333432336439306163613062393362373665
34393730326632373631313135386534376463366431313239656438393233343661326362626338
66633566353365313738353530326331623166616334353530613337333432313838626630366233
62393831383262333766326634303939653138353639366339643563323630316537343333326137
61613561373765643166636565383632326338616461326239663035373464376431396437623332
31653866316263356162363638663062616663643434386338643030663364633964643933616234
61386433666661336332613461623837383237396139323366343166323637316138623266653862
63353064386361346538333938643938666333363534636338343530333139363462303966383565
64633761386635656161653538623664613363326137346430353538366631626333626333366466
39373830383837323430616134653064623361326633356661623963393632376664396138633031
62313464613136326362353135333730333634393561653931663336663735343231633662613266
30323833383930633333373438346333633064646162313034323831663666386633643364303666
34316266633034373562343164343439343961393564303061613161656434353233663434643935
62623266626639363763373466323734356164343463376635383334393461663361393339616663
66623166396463653236643362373731386331363338623436346661313366316137343132383965
61393633393030646334633663393664316564626161303330373331633436386664356664643264
36313563666134393438316132303635373737366234633939613032383564336463643763333461
39373664326635313263323665333732643965376663356630333032373461303239663565353539
37323437333632643236643931386335626566633566626634616537616666383632346332633430
63656461353965623430613835313235623635626664643237613562343461396434666364393966
31343433306366316638643665636338326462623834366364343833613739626235626365396364
34623930353563383030303238343333653837633838303237636634653161353762306365346465
64623837646336376432386636316434366431386331303764333930356263633736386438336266
65333365653935376266366332386563306165623435393637333738346462356431643335323264
34373261303632636366323764303235616434363862353532626630366562303532316436333237
36353664383263623633323634646362646661323163333330393361366365653538666130633138
64666333373261373837636336323966323364666263336533306464656465613033613637373566
32623662373061336430323463313734653134656264313565363065346165653234346630306264
35383263386561653830303639366630623137333331356131343834326237313565306631356464
32376431373062376632343537356463623131663737633432313335356364303937633165346633
38646234303133393765393061326662356134383638643062396363396231336634303737313833
66626162303839353639323337376263613330653861643933646632643030626530613162386134
65643635383261633838623034383636666433613766313666376666656437666531626539636537
33316434623034343134386639383235653232643134363833633361303061616362656163646265
63616438323937373835623835356166393331396432313563623832626361666236306233383031
65303536656336393936343838326438333038356635353963303838323431633365373136383539
61613765633434316164333131323437616639333466353566333739346539346562353865363034
33613434366139653863326463613766376537643863363736363061376330333938376166323837
33373339383130383232643535323366326163663839376137333363353163663363613261353231
31383336303661356236343666643832323861376331393531383464366434633166306537363834
61663164373564373161616530646232376234393663343965346562643865333566336161373262
30653366303863346133323537656237646335373538333034383837356631306436323236653161
32613033303133313031616265386161313565346234353336356232356536613532326533383334
64363530646233613932393864393937353439303963386532613133656363663637646433396666
34393937303265313464663162343166326466366364333630356436396131333139303430643037
64313530616133653932653864653034346664646263316632633836343838666235326636613336
65646633653064393837366635666435363732653266383638386131326231393962363065646662
63666639346635366534663264643764663236383463646435373835393737316364303066393464
35366437383565346334363237633336356535653434366334383963303934643531353363376161
64356531343031373662343939383364393339623364376239613435386230323037333064393561
63653533346337316330363563353461663264663433393064646263306536653033636530393862
30363335636366633365393031373336346566663530623839616365663139306633316264613464
64393436356438336561333938393037346436613863353231343866353863646634343364663964
30663534366135653435326334626139613736396230613337383665646363373364363032643264
31326335343133346363366135366632633839386631353930373663376663613266383261363737
32666665623932353165626162613964323163346666663638333938313433656531356139666430
32366134666363303963346130643362306231613466623434653761663165356238653739326436
38323931616436316139303735366330383935373034633865313461393864353535666333343263
62656462396263346266366130343232653834313064346637646366376234333838376333353739
33653465656335656430356233366662636365636162393535336237643762373763613166666433
39646631343133303134393536336562633331663030326636323931373238386239666239653235
35363530353438613336643436363866333731303865613961363932346231653830316566386235
39613961353237636433306530656534343833663939623564383066313966346164653635366434
33653565646637323932393733663936346562333962326530396363346331313636633138346265
31663834383831336661363032306236646539383031636136346631373766643133383662346666
62633862303761373937623366373439333831323661363233386634353462393366386265346130
63613031373939303338653737646636393965623532393263663165353832353237633639633666
38336530343839663633626233373839393234343236373237343135316561346664633265356562
39366466373538356139353131386438316563626464613864383639666366353737633963343335
62373335333939333430313933306137623266383138366364343432653364393463346164666338
64306563353932313039613532646231373430303834356536623835326262303738313465636339
66383538626437393132633431346637343537336530653261653935353434313066343365366539
64386638393362393437613464343762616336323933356639333737663438353564613832393062
31633831636634316637636166316535626565363137616363303136363965306265633164396138
30346230363338613764323564336361376532666464613362653530343430646332643830383033
61396432613735323531333066343132333466356131356364363263646165613930633037653266
65366262313838353265613430343866313932303164396632636230373466616633616336343732
36656466353735303939353134336434333030343034643533333735333333386437653232613665
65623132656262643362383934663431383836653339643238376332396662303931643761666636
63376138623136313833333564666231326439613830303533373964386439303662323538616464
30353134323364363334326438643236346231663938626265366535303162323034326335613936
35626562393663353030636561623632656134373761623563386561306336613765306436303566
63633366313630643137333536666439663962666262653039373836373265356339656663346163
62636461666262356136633266643463646536316562636663313332363235383265633437313163
64363730363337393430363765313834643662613131663636393661616633333238313931636637
30613166643966653366353465633138303462396232336538306633646165323464303563646435
31376633363931336337343266323033613432366565303830396136646432643038373365316538
36363965653135666636396337653432313930303562393465346330663461373035383934646565
65396530383936646563353866386534326634303766313861306333653530303861366539363562
36653763346462383830303763336536373539343035666238313963373334643733386539373366
66643066633662646535303138306234356633623065383766396633636332623231313636663534
32616536653366306239323663636139633265636436613738333561636364666635356434366132
32356638643039373565656634366566656437356234386335316638313462343766613763636638
64633437356265646661363239653162343164323765366464336461346361343262613039653766
38663035643664656136363337333364643935626262646563633335376435343466303639646164
31323133393139373035326130303164303831663262626135616534643232353633663731303563
65336139353232666539633036396134623839363466326330313264356133633364346630356463
36383932636361363638333939336536653364303835363866656434653564346630303237313465
33386433356331623730326630636136636532343331356662333231383633386265353563666236
65353261383562653939633463666338616435363064353863663736626534383639646236376638
61663234393139346161383930333032666461363265363161656533363433383235636434356638
38333065623539383832346130346531663232656639313235643034386564363833373333633139
35353066393139316235643564336436356339363036623930623139386234346436663131373661
39386365653239653838306162313761316333396438623361383033323236386430396339633134
33623534646335363132303166643264623562316663663739303265316636373636393362306136
34613661323965643466333530343363363431623939353935376461306265386432316431353731
34393163356436333163636237663664376234616135333833306461313232623638613032383064
61346334313164343939653862646666666230396662623736383730656232626664363766333161
32656430623234396264393661633265393131666339613463663564663165663732326130623933
39376564386231393835656165343264346236343932393134353636346261353132663834383532
66613637626635303665393765643232326132303130646432373933323834313731656364393730
66303262366333356132316439313039306434316437303939656533326638356534313863323335
63643334363338626166306134636264346138386362623032613865373134383462633561386531
39313166636365636334633861373237396464386537313735653635333736663261313863363435
39323364343166633139663232326234623435383332666337303864383730643462613662663539
32373934383137646565393430613265356336373835336238656437313937313336393035313061
61346232326535333939643261386638376136323962636562653663356130343961653439643064
63353965346265386438653732643863303230323938313431666266313565393339393134653166
34636337313131336439666264323638323632313864636361323632303666623863633537663335
35323633303461336365646365656263623865313365396163643362663061383839326337323034
62313261663935303466373861393861626337633533656133343565323962646233626164613863
36366362666335353731333166373032646230323734656162376637353636363239393830343530
31386331626565313265343766353438626533343263353964313033393735653666393335633333
31633865373261626461643663343234313465613135306638336262383335316335623265626437
66336630623135616563646132633030323134373963313837666461363133346433343566363733
34356266386366326638393733316132393031643566646434306337393438613362333435386466
38363763653739646334383532373538326231326565313631643961333437383332336133333933
34633162386532666339666166343862363339353064303730333139626131643566356136643165
31346337333439616339626530623433303731656238326435663565646434376566326639396335
61313064393536643432666638366362363832363930306138613337333637623863313431616331
33613364303939316537646131626332393336313130616639333936653035613437323063616334
38393930363834666662356230313736366233306161333330616233383633313632623432316531
32626637356631643966346564393365666163376236366665393765643866663339373738636338
63633364333830336565666530323164393665646564643466393639656337353361363465626636
65623064323862366361376465343866633032366436613739343337616664626365323066343138
39623039346463333731633133393363336530623930393966343764346433613764316432326361
65343739356533346164313264393463666632346437393231313334386436613435336330393030
64613462303261643539323933363532623837303863616537646331326537386438393037616336
39656632343432356432346237653861393133653732623261616435636633643265303236343831
30643366373033316563333466326330623734653439386664316138376361353833633632646163
37383337373064396262646130636439313461623361613231646366633565396363303336373938
62346338363137303436633265303334653334343331633731306539646134303362643634373764
64323265313064636564306530396663343730633737653932386630373864316134653139663463
35636631333635303462313430616134373338386332356534313264643232333330626335656638
65393831626131353838353334363231646636303039316534656535343264393665316464353361
62643838353733306461306261373037383762313536313633646634636362346265343235646462
32303538613339633765346538666439383466333765303837653133393862626463303866313730
63353163626137356134666330383930393264356139656538323438613062386566363731383866
66363737313536663234623266653034383762636135623937343262373766316436393833383131
64646532663230366563383763373463336239393838663965306232353733333931623963386536
30316632336438326265653438336263313863656464653263356639626635633932363862626438
32663930636536396336323934316136353932356335326161653363333130636436616430636533
31346166643636653037356161303266663461396339373136623631643837613338613162623230
66316435643837616161343865316364353961663165326332353438336232386339366637313435
63396138323463643233633833393939303938623763383036646431353336646130386266356230
62643935373462376138396333336530303966353635646639383666383134653131396534366535
34363464393263643038363334376635653439363238643332306630303764643037383830663562
32623232383139356361333732306465386161613666666566663833343339343533396435633862
61353462636638353339633463663666366235666664653130653832646436613036663065336138
32373134316566303666373334646366303331613334623133306632396439623832643734306638
64396130326135633365656465356436303739396665366433343234323265366130353862393763
30663636646330613461386633663736386532653532376262643331313930653461373838643461
30633734306635646462396237336463303962646330353162313637346435336362373935353763
33303132323335353763616232336231653531643037343931396664663430616132376664323361
64323662323264336339383133373337386138393464333766646536663234333065363430643964
64326136326339343763613534316231363434663661346635386165636365363333633639666437
37643136326533623235303832353431363037626265363031616339383565383339633437343738
35646534663132346630393237373238343636383166393639653763666261626635636363353062
30316438623939343731396565383764353531333764633966653161633062623031633161373263
63353161663538333336643435393836323131366564346530333232666538336632393339363831
37626131396166623665656134343062376135393639663335396338623437396438623230316364
36636364633162336364613630653137636165326563376636313939613035313838356161396666
31336665633738663630333132336265633335643663366165333230336539613936393238623265
35633438396565366431653366656639323938623234346232353662366532383732633034636435
63363261623462393565353538316137613063323631653364643732613663303035326137376166
63343665346135633633316165386463373464353839623931646466643232326266663562343661
33393432396161386134306535343562373834303139323035613638663331396335386437643333
38353235343037313664636161313033643032663164646336383537353839623333633663626164
65613366343764666165396638653034343136373562613063343465633265376236633937353339
66656533306632386637383262303431383038366333303061636262356666653237363739666666
65666535643362313832376631643831336638663763316137636239646263346463633932353235
61336431313063366434626634396666316262306439323437383366303838346330386565343235
36393632643766656536613133363831393439663361363334303134613530376530636663323036
65323837373235613531316531333639323966336337633132663538393735366366666634666236
33366363663137656631303739353431663835623964383835663736646136366666313966313533
37373531356664396666336534616665633636366433346566363665643461613636353236383537
32383033666465383863333865356535373434646161346538386664316364393631616236313632
35313466346134653661653438643262623763636564376561373365363364326561306337636631
37373161316331323635633038366530303733376235343764633830316661303837643164656464
33393539356662653637363233613464333335653333653031303038333536633366393561613130
62636335356332666139633036613738336537643461376537363438303331346663336538306166
32303766303031396666326531386635373561306365623461393930613462613163363366386266
37373331353033363237373430373533616536663432636231343431356538643830343964303863
32346631306535396539373362313435323432623365316162616535623035363134623936303663
34633761303732633034613666373836653239353666666263383638373465313865626661313037
31303338373331373633363466383764346433623164323937343136306138646335303065336439
33333464616462343337343461643864356636663433356366623431613535303463376339376363
30633831336362326366653563373738663731396135346332393930623165303339313332623832
65666233653731613932333861323536656237386164646131613862306435356236343663356436
36356365363664613332616231336637333465663936306339656665633637316462323765656166
62326562366138643465366333613035396433323131656133633465383032336233383766376133
62653539336335313139363363633534343864333233326535633663663866396331636162643761
62323037633435313738326532306132616338613864663063396233363838343637333937343164
30626633613666313931373535326339303237376163313861666231383639313838623437373034
36356436626239326438643961353361353934363432353635666630353261353663653766306664
35313730383262363038626534616534323562333432316333393430366330343266333862616166
34323133306133363562626262613935323561326238316461343934373937316665393739643837
37376439316161373434663534336535333239656236383838313563333131333336643130643639
38313735663537616130316438393366346539393032623134626536666161313736353933323730
32613761636537623736316465633437633537366462633838656363356539656563643733646537
37386238616536616538316531623935393134393033313035646333393261316666666634373765
37306238346634613530653632663165633637393038623465396161623738626235333862323432
34643036636163653234646561646263303332616435356334616439613834343365666163313633
64633334386137653462623631363162376538383439396436663064333333346637653765663833
63656166343138666161633937633763336236393133306538643137643831303533353331396530
64363130303936303561633933356162356435313538646266336335636637366438353661333132
66363230323834653364646136666431613336633063343531643264646465623632633761376331
30663365666437323163356132623238373136326662313733353331633836393335636332613930
61366334663162356633
