$ANSIBLE_VAULT;1.1;AES256
62633732366434333835643538323665363039393937303665653065623564653036386138623337
6338363533386266616162313764656163636132663066340a353766383030626331333261373934
62666233373366623164643061623862366332373434306363653266303362376531656231313762
3837343138333665340a376166393638326362313764643766643234386433613233363837323663
35643166613965393332636465323637303934356662306139356666323763306332373136383739
34393865633536323463666432303466306136343734373963633965633364396565303033666666
62363933323435303466353166366534306335653233393130313063663234613537373564663831
35653061626234373066616230336665643034623464386361613262306366636461343336303964
36633833306234613136343931613936623933633938643866663533343164316235356564356136
31303431373338363439383263356337326232623038313730323061626433633361663163316365
66316235626365333263303565653238353762333231313863303336313131326466313339356662
33353665636564663430333463333639643937356565363636323437646362613933393661303834
36343565666538623634653239326334613462613561633038346533613634643238663931326432
64653735343536396530336665666561623563626139353065643464623033333435316265613162
38623065623634343164313963343932666137363862643132613664326436313961386434383730
63623866333261666531373562623261653964613765383237356636363238373862636237393666
36346630623863323863376233393733393565623962313662623637343862303364323466636634
63656563626665303166613163663633336665363662326664653033386433646430383531383233
33353931303239303232653538303861336138376131333435396434616333366130353838313761
65373464363430326562336434313166353536346630346532303565643439333436643361383264
37343666623031663063623964366638373135323762343063623337356231353539636663333065
38366665353330316432313538373039643364633336383638663864383565323166633165646634
32386361396137386562643063353965633934343566343566303738613264653066376435633561
66363331303766303830343666313933643665613036353636343735323136393461363435323939
35336535346335666630636438643166616664306266333365616462663137613837616539663032
39386663613536306630363233626665656238633234356136653762366437316639346363323062
63323534613135303661336336643332363566313463306539663737633730373234313537633235
30373166313236653236316236616563393331326334353864353536346634616536656133383833
37383432393839656337386337396463653864353930656336383165323663373833376239333361
32366631626131383066633232656139363331363936663734396266306536363734653333326132
32363465343037626536663137633236393733666261326539363164646663333935623864323330
37393833663038383761336636666137663764343138323534383331363633616532663830626362
35323238623136326431326630666161363866326437323438326363306565666538303037373130
32313763653332656630386638396238333366323233663337346334363362626139383562653231
30663162303831356364366262393431316364386439653064653635386535656365376537613230
61613864376535663761393065643766313939653531343835363964373436633132633936633531
38333331393737343866313963663562303533316336313538616363663637353936303337336430
36616531346439653430663361653739323931366238396639306464393665653561643631643731
64393964383032363264313233396637323735313463636534313931363661373638373239356232
31346435366462326436376532386266393865666336633763343365326631396338613330316236
66393134313438326664373534653837386432653832656538393063396337396333663862343361
65313162613566376661326335366463646333613463373837353566633931343266363964396364
34343163656338313838333032313261616332313261363961346138663337383330626332303038
32353135373866373435373137616534333533313030353035663065306363303061663934646236
32353931613765356563366232376536336366373663333165663832363065306538646437646136
33353962613536343765666566396231323962666639373632613266656537333762393632356362
33386334366361623763643138323863323937633039353666643037396533653230393737626565
39303632663634663463376161386532653038323961303634663637636562353831303439646433
36363033666237373632323330363034323162326139623462333232303831646537356465393634
36373834376466346630386136306432633530383434343437353663346264653939313231636666
37613339316434373532663264373836666136653661306435353432633530343430306331376265
63636331646638366238343233633365623962386163326633303231373161373265306466363366
36343234313939643364353265376336346335623736346531613531643866333064616363656231
66623534666266336234666130643061633861303936656338633264316662356530386539646362
39643338646561623936363064633261383533343438663038313263623561623230313563633837
64353938643738656462623839363739353232326438396337393461393962636430343866323433
31636166313435616537396661343934393235633238626363353234316438303039323530636236
32386235313565613865383665633833653531353161316430666532373764633461396638343935
33316565323961383066306330333164313935336536613562633239336561653534623463323061
38353036663830613732326565653533346133313436396630323266396361636438303435666530
39303039383138663665366362343837653830383761653562306335376663333462363962643965
64353832366532366238633533326137373536643262636162636261653462646239643061626236
34346637336361346333633035633765383663316336313233343436333331343337373230393137
34323938353036656635326462363236333563363265333836363831356435363330643531356535
66303539346265393133643933376330343261303037353735336137646334356466663137373336
30316364383632383961643231383966626266633531393963396366383833396166306431396230
39376532343836386332653861336139333239346566366331363830393134306561663330623064
37386536336536666165316261356139346438373030346664663937663561623264656433336536
62393562383038313931623935343561366561633037323566363833363736343235643432363534
61613466363935616364646637326661643837343536666537616232613338336639313565333137
36333161626532386230373961613966616639663133363761613963633339383738356163663833
37393531373834626162653835316264333035663866643034386437613137623062396336386666
61663933396638336362623364336637613532613238323534363461653539363730303837353632
64346663343436336133316434316339666362666539313436323537343365303138666565666361
62636662653837623563393638393431333865313437323435633166616163313638376161323939
63656530616137633262363834333133383332323961643834333738643431656533373134306463
31323564353331646662646663376166333663633936396636623435646234363537343861646531
66643166323730616132313661633162616634656134376432616562633366626165363865646562
34333634633933356561386437653937616337346665316136326433346434313633343163316134
38663366616132383838643263666464343134366535373132343337363464636537616230306230
66363830613630636233653035643264306339396463386333613638626466323438326166623831
35636265646131316530613437623462626535366330386664613137623466313038363431373161
30306537613839323335383366353735643933303662333030633537316135323131356237323732
38346533343131313862343262313930386261306539383239316234653638366439326136373562
31343036343333396130643362323239316336643836393835626562323134663832386236653939
37313631643066326136316535653235363136633365323739613133623862646566333733316633
34346133373436303032663931383933316361306362346263623836333634643932633031663861
35396662393164666633396564633965343662646136616439646237666637653338326532343937
31336231643330623864653934303432643734333561613434313636636365376536393337393836
35343136306336346330336435626334346361303062343064353161643665383739623263393938
65623439366366383939613233323764663338653534323036613761656336616139656561343439
39373265623134646630636666313735633839376638613034383263316638383734653438383662
61326534653462393163353936383562353261373863636662376233643964316361633462653931
64396430623365646232386265653730323562633163646230393832663866323639353766343332
30613966343137343239393861383532313733663964376236336366396536643965386132333064
33356438396136346338313939653732356630656263663934333238373330306564363262656533
63353865393764316235363931636539396132383261363234373432373334316366363937333039
37363665663063623664646535373234613631383337323639616538303036363731613433363731
63376531343265376562326532376337653033323738396666616335303966636530626335313730
32626234343730663832393537353465346435613835646434666265306130366136316231623034
62663935393262376636623736343765383530353939623565396430346136303439333830623062
34383064613235323134306433356436376331336136353639353436623238373336343437383866
33323233303436663638643632343930633066626434303238346536666263636432336330666130
35303438383736363035623936396435616639353532653535386437376635353337396638346539
34346137393039343838666531333332373735336632633631393263333266363365656430306139
35366332653161643436383231326430333764613363393239383138386234316133326536333337
34303634373265656236333330626632613633663730613238373134653639616535363038656338
62636334396234626364626362306563633735613830336536373539393532353563613162636535
65386633653365346464323337636238656466336436363564363235663237373833346662633661
63343933313033333233313464393031653438643032653930343565643763343437636562376164
33363363333639613665303433373533326261316337336166393233346231643335623536313839
33323438376363653836346666353330366431383265303830653666386164356535303339393438
33303531643732306239336662343435376565386435323162383436323031633666643065653434
64613261363633316362363939616332383535623736356566646634613837616137393839356131
37663361653161613431323436643238393666363765343936333430303766373863616630376365
38653763346639336365393765633462333164303761313563393661343262323733393562643461
34373839623266656232323062373164383737316539303338396461393361356436333065323662
62663664343836313638643133303239636164303636313832303539366135346435306366386632
35373232323037333438663838633738613264346533323166613365383339323031356331383730
62346637396433656237623530356565343433616330656665313431393962356366373431363331
39653461343937326531623835346434326233343732373661313639393630376530666439333163
62646436333530383039396263363239626338333265363262386337646339623535646639353162
64383938353834333036356136643165616131386430643532616535663630386664653161363839
39666133393137336632333162356338363764316164393565376438316532376637616631376132
38643161363132336538396539356264386263353037303166666563343639326639306139663664
61313531666233666665323936343637383831653164343734346235616131626633323637643662
62313563323862353734613863306533633562626236613362383538373464653864373862656364
35393930303236396239643335353962363565326235356438616661613938626361333538333333
61643165306439323265626238366565393862366135646638383763396566396562316365353738
34626663346362323932636663393132636632313535343131383063326233383935363064353365
37336563383439333434356462623935626639633835363234383630343836346531623762303762
66636633653862633237306239343136633765383664626662646663663635643835633334613561
30346335393432613533653031633139373565616536626639336461376538373062353162613234
34393938316361303064353030663230656462636663366663323839373562646664613435616238
66376130333164363539666338323966393134376231653265306565656536303938343064626164
38313536643663376361353130363737386161383535636163353065303464353832636533643130
35343862353839646636663037343934376632626330653165326335373633393438666336366239
38633963666132306533373735313939363663653865356365653030613734323637383063653861
64663466313066393865373031396564613834666663346564616434363837376433643232393432
62356265653130663761633831363239363134656463316530373861633431666635616662326230
33633136666131323537313034356138656230303464323338313663613265383166343334333762
61633264626533376264633766656264306233373063313339633437663265383134633366393139
31313863353537383935356434633732323234313534333361633134396231316633373033666230
36653133393632643038646431383030323137383637343530326233353230356131363132353633
65363635633866646562636666356166653935376666393536643838323735653932383434643136
38373464653639346134373839333734616366356534623135313436373732383239373665346633
32623365613039623430303361643030343963343735613264376563306438353134646334396639
36303734313235613861396663346637303938323139353935633137393639663232366137363639
38313633356165343830663138643730306635373563326338303130386165303635366665396165
39323035393231323732343635396234323138326431373634396634636434656237636662363634
36656562323833336161396363313431313431393230356362616137633161616662383330333064
34636262623135623838636464623639306262386430373763666364336433326463383532323566
30316665346666363130613966643362313861363762663939643135623034323235353735643330
65663663376662376264326536653765656135386236663565303530323664366136643932343066
34393531323531386232633431666330653131343736363035363637353931383934323165326336
63303932363665646535376531636662656630323266633830626131303463373262313361373733
63376136356533643632383738616235363639623866663137633233666363363832373937386131
32333931656633353630643465356139633933343330326362393761366262626565386465346436
61323465323933366166383161366330363137626363306430646564653932653965666164323734
35396338353430333835623639663036396335333334386266356464343538616635353134343836
64353464363233653235393261313734636534656538386431376662383534373562363565303434
31386263653737313163663237376263303030636132353838346463353830313164356166613764
66623864383630373433366130323833623037373033666437656235383139633739646236306437
37393333616162643664326236623534646639346536666563383964613936666633363566613837
34333731636536623033643264393964613730303137356235356538623332636565636135343366
35356134393530353737313735373731623034326262346235383364373736613261636339366462
37366138653766613030313765633230363136316534313765616665306335633864643365333435
62653264353863356437623363363764303862353666353463653363386361666338613664356635
33656462666537656139383164626435383865353432326263356536616362653434636463656435
64396538356433323434353837303762343931626339376637336539663961396337656136653535
35626564633363626633616538383366366330356364333865613132653438653164383363336432
36643137373436313166303733613365346239393332376536613734303466666661373231353430
39333638393266396364393433376131626531333038323561326266653237346562383438613631
36316364396431396132383538643634396434383765376161363565353933393163616236666432
31343834626430303166646364363461333363613631383361653433636361326431343162313232
38346139396565356235613164323162323865396131366336663338643733353237383166393566
33656530333432643461376462333964663362636235376138663736333966396231323132636366
37653530303862333866323066353435393034613534643833393730313432306264363436613135
30643137653963656362356232316163363365306365613764343235663933323631663861373262
66663735343138623432363664396336643436353334323964396266353036616464663438613763
35333361613432343861316139326137343534623237653962383831643731393331643961316663
62343733636265613138323039306163336533333466353162626262383163623337663934633032
31373439646463636232613131633639323561623264363430646564643562626137653165306463
32303938623832626433346266306665656466326330656630386435363961356236663233656165
66326635626363313265623138346333336566643237343033393761323861636638323564383839
31623765346230373035316330346538616139306166643764356533366332616339643236303133
31396566303033336636376139346633383232656538363030666139666236656565656138626130
34616537343039333233323661393339633266323261626664376135666263333331383533363766
32356437353033336261316234643834326561343838383236313534616632363734316339323935
31376662613538386466336534393936333535346464643539303834613630383866363365653261
37343236623432313539336237663065343234333630623330323931666563396332653037393263
35616334626532323861333033326538663038393435393135326633313132303735333161363439
39343736643532366231386465626362663461303466326364623563343930636265613135643230
39633761323439353330646237313363376431636635333235666438666666393261633066633163
35396463303065333063343437326337613564616561333839383361653166316633316264643561
39663331373137633762373163633830613764333763323464623333306633326138663834343463
35353435636264343061636138663564393839643766326439386562653561323139613834326633
61303762303037633762373232656563316662353236323735623565656136393434356462336536
61346166666437633464656435383661396361646565633831336634343533393462636233326464
36656336363266393065613737656532386335396631383130613736373530653138623334343830
37313132316131323732333734633631353038666266626530646639646330363463316330323039
66313938656131653561643637623363633337623037343031326231336631346536336163306532
61386364373562353962623230643534386231653063613236396662303635633834366362653432
39373262356234623264616265613664363865613234383631363532393432633963303364313239
35313331363363366230386265336633373164343035623130373465653837333931366338616438
66666537363563343961336432343131323865656362306332303238373738386637313863323330
62666232666638303339666630643336356262306165373132303235616437396435613636643265
66396533643965383838666330623035313334376336626465336439653032303930373062646236
62336534383230376135636234633662643563643765333334346564613234303932663361373064
34396330306663643032363933326362386336363332666463393365366236326532653435393336
34656136386263356231616537326564633734366166373539643431633864343063643436633630
32663831313237313464623665616364626265316561366636323539623366363632666135393332
35356461636163313437373435356263343830353361313365363838393939643464393034356130
61636466393632366363646131336438656531346430656664333635653064303163333365316636
30646436303232356164666662636232633761633032343264363135346437363665643362366266
62366430353331646433353932343261393737353461663537633537343236646333313331333637
38653365353239666334633836633738356631326364616163313836376130336139353466393361
34656666663930366231363965366565316461636235373465663439373736343836356364666662
62663262653936653230393734336464366666316435323139633136653862386139653164323664
64653763323330313431346462316363326161626363303336623761333563346262376630636261
33303932303837343533333535646433643531323137636364663361313866326337623731343564
33316135306631323864316532333435343634393035643133623732633039363231373366396265
36343865346336323232666463643138653235303465306562333336666133336266383732366633
31623737646565373762323064373039346465356339303866663833656333326430353039636565
31393636616139383563393965343832353536336532376535353033373366616535343962356261
34383466396262386661326135356334303064383866376162383761633562303833333838633735
39313039356539353664393033323031393262323936623361643462393065313862363131653962
33323834666136623837346537383361343162343063376435306562383336393135346635653538
31373132376336646464313164323933633834373837643334383936376662653164333534623831
35386633303564646636333964613430656138636165333431393630646634643632363662323662
61636635336330313830386431323537343536333465396161346130343866633331616332303339
35643330333432646462616336383632663736623531353931356437396639613466363330353661
65396663393764363466343030323938376561383330613136393533343465393539313938363162
3137386131306137656135316464366638336337623461623535
