$ANSIBLE_VAULT;1.1;AES256
65303866663539626161643036323237613536343265646635346331636639343464373031393630
3466343138656134613336343032376432386538613532360a383261386536396132663735633861
31613066383265333762303666663837333531323034643861396662623538396635363832313236
3932656433366636330a396630303630323264623863623833633563363964666166356363316331
39393830623562623761653137363337366634656439366166323039633636383937636334663432
65323564393133613331653133313965343536653030356665326466356638636261306638396538
33393537623231643162383235396432663066633632666436336464316266643363633531313866
63336139356163356365383335306262393630383465633537316366663133383963316638366636
32633932636137396230616631336661376464336534383230656638343430363738663233333335
31646562353633353662623264383264633531653762653536656638623232323562383636613130
66336164353235643738373963396436656562666633376263626563363330373565626237613066
65363564616238336336643235333134633837646137306632356539633538306138343134346265
30633935363864353731393932323965666366653334623064613430386661306230653836623063
3232346531333135366462646437323533386566363565373636
