$ANSIBLE_VAULT;1.1;AES256
35313464613766313137373064613565386266313663376264663438313736643033636561336364
6565353466363830303832643238306637393131316233610a616431613135356364626633626637
36343863626632386365303764643564643230633737623832363564356461653934363062633061
3366353734383536350a396163666135343561303239353863643733373262626662303434316330
62393338376132333166346266663036313835636139323933666332646531653232373236346332
61613264393763396266626261623438633162313261383632666335636463383066396666306434
31313565333832343636336163396564393031623833653235396464323466373832306563666332
63336337396439656632313234346337663335666566376133393739383561626636323132626437
64393064383039323138363566656432393761653634373431326266303631313961343635623533
66663330393865366236386231626265643565366534303864343031666363643433663636346165
36333462633734323639646465643233633837623234306231336437323130663466343738633635
63303161326539306438303033373634613161363563646164353838663662386563616561346461
37633635396132656361633264613033373130333437303065613164313266646538666139346530
37383237383133643738323532333761396263386265663338613634383634623464366332366265
61313433303936653733366664653861656131316638633666333665653038336636643464316164
39626266303033353061393437613337613864313539326134313563623336313462373165376464
64303766613430663830633833643639353266613661363536363132326531363735393839363133
38383364343035316439316334356531333362653663666264323032633763396233303765383032
32376434373232643230356238363832333237653162636262343564316138633335363863343766
37643435616430336136616566343032633634373030663538626334393138646137646138386564
35623134353530663366663537616239383437636465653839323039366139623966626662343438
30333239643832653065326562353532653037303761363563323333616330303962623037393337
65346564336661376538393366386464633238323064316364616166613562653735373239376462
38643636386636656531306465643962656539316263393531643334653664353833613164646465
35393939633437363437393836366538663563623032366562643831646530646535303035633037
66346631666532633933303131356531376430636461643964626431643137373436653634333732
34616266323633623265623134623865366330393566303935353361343362656630353663653463
66333835313635313363376461666138376234333762616639393239326230386335633039646466
33366539356430663532626438356536616563336531363638343861393065313239383665376261
64393266393764616639343966323762393034396132316665633834363034623166386163656466
34306266356266313663333936333161376636393261323962343963343830303064343762316335
32366538373934353565613164326335666338376439656139396561666662666262346332653039
31323836666439646162663534666566333136313639663465306132383031333131373434626132
65646439356430626637343536613436313761633137336133623239643532303165336363616136
37313939623832613039333333383139643230353330373266623862386464313938323231366535
37313161646131643437636530643031376465633137653437333134343535633733346561386563
33353634313739343938373737653332646362613663393436653334653133653333636364626635
63663062333836643538613765316261613935336563343763646632376330353130326138393131
39303866616133373966636539646437646263383536653233653631326430323637636333393966
65303031363033396437313334616261323961336564386461366136303735653264626563666634
31633939643239373265636139666361353733333862393438643864643163633661396533353337
61356664663837393739316230613533306336386139616164613634656661633533383561633332
32626439336463323161323961636338383061626432663937663833346266376633326536383539
39383632303738646261
