$ANSIBLE_VAULT;1.1;AES256
34373464326362623265623864303438663835646138366334386662646635313933623130613164
3333653363383731636237343762643036646662613161300a383265306236383633613739653662
62386635363130626661363561643635663162383035343065636331643330356666653731616435
3037393632343736370a393033333865393932383664613937663934366665623036363563313237
63666330353966353236383263396664633739366166613135383663623337663531346637346363
33366163663637333434333962643530646262363939323437323238623862353734616437333132
37316330663164356462626130366166623961623263643065373132346533333066666336616436
31636331623830356438366632313530653432363861666337393931313735363430396662366337
39303438333864646132393539656137353863326539616431346631336562346638666663616461
32653130373163616664373064396331303534333533346166356266316564383964363735623530
30393263353837306164373137383633663566313239653532346461383733333330393437323962
34363836333564396434303832393138613731663161303038666462393564343732333735306337
62393238363166326533393736363435363432303635303937303763313636343933
