$ANSIBLE_VAULT;1.1;AES256
39656639653636656235306233346439366438623532393366636131303163626436386437303237
6634646435336366366264313532653964333233326537310a343462303939353139333638623961
34373938643733653461313964316362343131653935623238323365646336616261643434393933
3566333661613431300a363236666234336661366638623630666565663038306566373332366138
62613938313864636363313464666235666639633739613833393330643862636462333139303834
65643464663464326163616165316530393061646133343534616366323636613535643866306266
34616338326337623861373036366261303365626566653836303032636433643131353262636239
36653939636639313733353535393034633335303764656638336633333838363237383565356232
61313638643635613966356438633438663662336266663531353061306337343336376535383535
65383336363638326261303736326461303232316562383337613131616138323735353035353835
32323431353633353335646435316333313134656463353136353530623166343439396266333161
62343737616536363032353866626663663635663962633366643861306662316662633165616436
64303031333430366464313562316635356265636331393031383539323532616536343136613437
38663864636630623130313734613565333530396561353033653138386638376438373031363663
65316530323237666338626237663966333862663566646335663437303139393137663430356564
39643735353239616263366561616233643062646231353838343935623132316232386363376364
30343239623033393364666339636439393165326236373239333064363634663135323939386436
3862666135303763333265613736333231346563363436646265
