$ANSIBLE_VAULT;1.1;AES256
32386265323830303238336637336162323563653866656335656164343161653164663632343538
3765666534383035633935383737316534656430363233340a626335386334303536383631613830
66366135386237373863323266323965663461663963363137343138336633626138313839303663
3861393661333961390a306162646534376365353038653832353235366464613433316537616133
35393834643066663837613936663130353632653933376330343064363039316432383839663261
38313838636237303234346439653063393635363738376234373465383565333838363534383662
63316439323736363530303234653865323566353837633565346338333939353361333961363232
61373965663732313431653931663331663336373337356639343266343665653538393063366565
33663138613834613638356161633231353034343461366362303165313536623939653864366133
32633336356538333563393761623331343062336564636335336634306635336532663630343831
30316162633338343964623831613738303836646330623433663863353137363238333161346439
31653666326263316438336635313134383431636164343537653164633839613266356534353738
32386135613261663066616162626133663464363133366362666531633133613636313961303632
33366464323438616563623463633733643133316665356165643264346162373164326634383234
39346530333863333434396430323633636135396265623634396236313762356339633664613730
33346563373735333562396330363263363730633839333761356533313864666331643663366335
37613831383136626139623831663266663634636164353533373965626365616531383366643031
32663536636231663135373434356434623265313762313864643938633230643939373536306431
62363933383930633032653738613035656132643866383039643364663433306638373664316133
64353938326463343165303034663262373936613430363838626663366133323166613536333730
38353830373132363763613637333466303033356165363264353331383134393762336130346364
39653438323730353330663837366431643438376530393664616236626337323562616562323165
63376230643463363465663062346435356265613336306432386561326566383934643631656664
38333836356437393837383533613964393134626332626566313835396663656465306532336235
36316334303231656337663238383962646361666132343633626139646166313337363662353533
31353062336230393665613638383438623237356163386233646231373833396662393831393232
63656635356237643931396365356631366365373432666565613733363465363965326539333935
30353437396632383566656333623166366565346635653765333064633134306437326535613539
65613462613635393130346363323631356530336534353661666432386637313139623531613066
62356532343139613234366430306164656439363036393763636338343165363264306638633961
61646636663833646362666338316564393663616464383338663663396330656664386639636433
35336663356464633333666665653062323734666137623461623430666138326134636461613162
32313834636535653732633166343433303030333933383330653434656665353164326230373132
30393830306661383332323333313364616162633836373465373436363736383062653163376261
63326263333534393737643938316133363736386165346466336664313661633931303934363666
39373431623432393431316666373363393133396133323934393137613366396438623732363639
37303036313434333363333136303631656363623465336661356663666531666132666438633936
31333432356236333039663334646634303963366566666565633866376230383465333737363834
34663864643533326534393932373937313935626261373837633638323034396435393231396537
35383832313963633334613731353263623461316465643433303762353464356261383963643138
37646266633162323133623232643235366637653466623636643235663931376431336530633234
64666264666634633739383037353139323530396164613932643661383239383837373366393230
62653632383538303833356464303532626361326266316436656664623063393564323432373735
63656331303930303232646161363061356166313837616363326335346263323037313835383533
39373831343031363566393632393131356432616565346235613430343366633034613761643136
62356238613437623239313462636133626231323937306230306537383166333136373933303930
32646164363434656662613033663435383137356430303131663639656132333435633435646434
61386630343562363130316463613934623935633734313937393666343130623763366535613135
61333731353734363938306363653735323463613133336363636331643030656131383562336338
36323663376663373661363364356134303561643839363266613762353033393739626630613731
37323762636433653132303136313033656436383637616362363335336663636336303134343763
30343065623966323336633065326662326436393236373731376239643461336130643634353738
36393765646237666464326266643837636132333139623564386432346330313963383635626431
36303032303132323738303163633864393032633833363261633231646638636230613138353964
62653038613535653166353636643833326233373762326563396130313935323132653234623762
31326539313839656435313163616564633962616464363564366632663433643838326437336361
34303733393338366262383761646639636563393135386637663534373439613436303834643163
33356131366631383334313531383765316235326334343964623335373665626630343761313631
33303035303230613066643738656262333035636266336539313864316633396463626430366138
35383832646430353730376433353335386131363233356261633038316439383932356663643461
37313639323361643462326235316662616536383737353462613362613434643535373132323639
37626437313565313536356532643336313066626266356230306536633463316638616666303039
38326664646230316562623665316665333536646137373535333365373939623833346635653562
65633235613839333831396133393265386333633761376137646463316264343034366232333965
34323936323137636364656463343065623962373830646539613736336162303635323562326631
36613030653732656361313663396334323334346264653531633931363539326536643933333738
36656532323837326339313739346630626135663134313339353166656564326464366339373430
30663636316264383537313030616164386638633038636538336535306332613331303637653461
39333066333631346336653863363661663632613365623431343931386134616539366464346534
31636364383337653265633764303365346564356235646661383231366231636233656561396462
64333030336362303261636464393166366432363339663563663335313866393663636666346661
39396562393133663635633038346634626262653530323236383735623031663966386530303839
30373838383363386632376561306431643863663865623364633338323465626231656565623632
31636235343161623034376166643239376162383962313134303234306431383163393438343936
61376365363364353435633431363263313936336635616334323034306439346230643938363931
65633163353963613563393837323166363036383935313839616333623332653638353161316262
31316430343863343564633265323431633435363965616361643936653565313236326665623838
31356662343532353035316534303563353839636439326130653133383031323831653861363731
36616133643234396237356338323435363936303932336434613661373534636437326636613164
65313937626666333163383264323361333265653738383861323661663931333739393961353262
65396630366465663961303933366165653263343833383936373761393232393962316161323231
65646664323966633236663130303734663764623737343432323637313963313736353239333839
66373531623539363635666662636465383963366534326362353639396532386632666339643834
30376138373637313963356431393433313865616364336263633030613433333034653866636430
30653666326130646461393862373161373765616339343033656638316638346536643133326262
62356666646333363365663836636263346364613862306130646139303435636166396434366164
38393632643263373661383938643262343533343765363537346535616632653439363431643365
65623039353536346237346335323533373035616535616336323238396665323239393466363931
64636365626337616564313134663234346330653461323333633332336639356238376563636465
31333265616365393566646434633531653864643439353433353233353064373233333433623736
38323230643862396239366539336237656161373832366466306530356339353465666634336265
36333039633130633237396638313062643264656464393930653762383961303633666434306231
62376662316135306639653935613733303266376137376239393030653666363033336632633963
38633839346239343766303034653862616634656135333261323738333365353636346265613463
31343565633136353531313137656338386230343565623536626339333437343763633263656437
36363331643066663963396330626461323432393535646466313531343962356231343837633465
66396635343263363136393062633835643933333134373663646433353561343361316435646431
65656533383935653531366365613362333830643732336666633634636430656436386439323165
66616265646261376639646638306536343262313732336463363636636130376330643530623362
36653232373063386265366237646664343332343835396331656431363639643130326232363638
64323637316665353038636164386165623134366561666235303539373138383336343639386265
30356232376237343131383630653639666537366566383865383666313738323461643466376330
62663739393233373434383935343233653762613166323035623165376532666334613032336237
64336331653735653937643839393735343463313038633366383835316665663634323735643639
39623439393863636333633035653665383163653064646566643737383333373463653531643231
37313935326432333865313332333965626432376435663163646461663965663236656366363531
34623532313433643535623262303334613132663135303464323232626162666436353566646266
66633234613539376663396636626230353164656165343030653363323633613536633835356231
37313865306465373338303638336434383764303338396432383033386563313132326233396430
36376133333562303837303033386239373662656433316230336535313437623739316437383937
30376165663930303561333764316565666661643132646662386538646630643430613331633630
36313936396664393232613330376638333734656333313666616366303466303266613130383833
39376137383137363564343832386338376530396466303230393034613266653637643063383735
34336236343566646235363232396466383766333765393034653865663331396235323630613235
38353032353539363832666666326436346139313132393931323162343665666633343533323933
31663137633838653439336262333039373361313162393837303131373233623566353631376463
35666235343730396161643264323137383134396136366235666431396438393236393334623838
30623164613036633065393235363464306261666365383066653332663432363061326461366636
62303362303662303231303939636538636363386233326562356661333835336266633038616566
65636361313934656439613535636264393630326639326337303263383035373635393265636135
38323834303264343062623538326266643935363462323032633035386335656239313861663966
65613035646265393261616164616236323535313538316263626130633333343366393236653630
65316663316536313666393636663736346238626635366536663236386634346266333032316565
37633563633238653165346632636664363331336264666662643634323131623430316331376436
63386630363632396337386464663234663638356431643537366262383630633138303535643139
65636338346166383437353562396362643233326461623432333764343162343934383530346161
64633634366463313963306566653536616538643533323161623565626262366334643166303037
64363032313136336333373734646632346665356330656330303961663838653933626136623663
64646234326637616361663739376165373862353738393635633637376633363739383736616134
66363038303735343932636537306135623339353538303566636537383731653238313234343533
66626631663032363963653966376661333232363361323830353635386661386437333331363438
30366138343938613137316663643936646662633031363033383566383664393332303037333462
35646632633433303161383438336164333531346263333165313030323965313231646139323931
65343237383639346439663535303565363734653739343938363530363464366532353739646364
65613738373330363331343166386532613062633062363663353535643731653565323031316364
39613064633037623062356439353935656439633634306231656364326239333530363039336163
66616238363066666565373065306662363135326664616564336638613537336134623462326335
65323865656663363537386163636435306137313063353561633336363932663863313132346364
34306563613138653738663735643832393665333937663565326539613034366437356633393465
37623837373338643963646463613633316239623330616164623664396564306534643439643039
39373438656562666338623833333863363337643064316564656638336238643933383461396635
32663932633963303330343932353637303833656333366365653936396532336161343664663132
37636431653737353065313833323366386231313164333862373234333930346665613462363534
65633062373634343230363234613039626232366563383464306338313966313432306332323861
61633539353265656534373333316533656238613236336165396139623163623237396231373634
65326235306138343661393739653865353438353337383365313833633065653330633534316466
37353639643534656138393561363235666562653239343565353633616338653962396364623861
30613332383331366134353331643031363334613731656663396336653838343932616431396135
37363737336361643363306332356237303163393137656663313239303234656135393533643837
61636135636434313634313735393565646538616662323030633462366637623936396633356664
62633064326333333439336533306361306231363133653230336163646634616662383333626664
39366235623030353039393961396638393466663162313833613165313435356439366465626662
63393063356166313339653532356631656232626364353764643537633462663639373031313037
38313230383663626263613965383535333261633432363138656438656637326232656135313333
63316438663166356132353134303531376565393434396332303037366466656331663731373638
37643938663732383838343262353133613765623161343536663231353662343136386339633139
63633438663265636263336165613963646238386162366238633234626537613161343164623234
38343965326636663735346666303862303339393339643838386366396335653864323637613736
62633830316463623139356434343835343531363361303837666132393030663764653666363363
63653230376535663161313066636535376231613431323138313366383662656664646635373130
61303862346564363536326235366364663462376133376465666435353461313937313763623536
39356635336562633434333065633466383237346634636538363863376437323763613436326239
32323936383230323234663933343561393430303164656335366261656462316435383934386366
35656533623332653866363930353635303064303464656366363338323632643664313965323939
39303837333061623038383036313632646435613136383830663031363233373066333663323833
33303039636665396535663762616132353164383433373461646663366665303864613035643262
39656131626666336133346662376234363330336633663131396433616538636134313630623963
33366234386135626339363536663939313232386165333033373336383731316561323862663462
33383837653436616662346238313335316338326130386465343334613536383438313837396463
61393062356636316137323765303561663634353661626333366537653764613064393133396337
33633436323031343639366361333065323638373163653939643030656664353063343434363666
35346633653066333165393637383136326366333463363435366663326535613435383836396635
32323761363232663139326334326362393365336336333535326538306135343466656131303730
61616138326466343364343234356364356434313334313838656339663631356266343564393163
30373364353835663834353537323638313062353537666363313030303366376263626538363437
38323864353637383835643638366238633462613361313564313662326533653935393664663737
63643665323636396330313936313832616435633339346430346261626530336139373037313165
66333231356635376336346531336437303636366632396330643266313932326362666431646164
37653036613437366230336438303365313637333235636135636638346532333031303131643736
33666165613166313937313835663736316433353762633135353830643830373132303464396337
35623062393264313238643965666434643835653264643637393836633239656237643634363064
31623030623831393637656534393138313531636438376130623731356530353935613364333864
35666539383539303562666161343565303161303139346162303866653736386636353865343435
31333133356565653462343763393533316530616433316136323431313733356632633431613663
34383164383034386431383166333234356162663033643230643566656162326234313933656539
61386163363064646166626639313239396366373464646339633766623165646266373736353039
63643138313765323138303034333861393561653466643237656636666437623238306433646363
36653739643661376664326461316634646364343931633835666333373337373261383561633737
33626631353064616433393330306365646665333836393863356439656563303165393030336132
31633930663033393235373966343336383662383366656466616261663432336461656139376436
61626366333133333565656131343061356437303939623239663965626633633366613736376239
35633235613031363036376666623036363631373931363731303964616430383364636139393533
65346365363962393639316534663838396563343534363631636536333834646462363931323330
32663239316461613138633934366261363934393465316239356464353161303838653638643363
62616238646536633838353637666237633837366564393633366235303439663733353963363935
31343737353261393730663337323136613364346333373563313337363762633136616133383765
38643130316637376134366234316538396664306665633762643338353162623564323637376431
31333663656466363132346138363637353930303439643836633137626232373536336361626665
38633639313566333566333562336664343930633030636264636439666632393036663839333931
30643062376431646663313636323434636164656138366138396332353663616564373033346266
31656562646262653161303864313739333335666162383832623561313430303833396232333038
63333266323230613335333861376665656230343430346535623161653031333861626233663532
65303463356665623937623562323939373464353133623634326632396336343462653830626266
33363537373236633032313138646531643936313334383835313162346232626338346465616665
63326330356338316239656230363061393564663065316230663266383030616161383630646432
38326261353362343964396432393638623466366632653932613136383231303062636463663262
32373030333138393366336434336538363130643634373465663433353961353538363031396535
63633534653261333763333534663236613932643738376661306639653236613361313164636662
35396238653963353335333039643734656530636638373763633163376632373264303233616138
38646164643637313362336438623233373638653633376365653162653931386363316361646132
37356665653533653965373061346661333233613165343133386662393531346536636434653866
65663862323064656666333866623466353032393930663164333932643835623539633937663030
38346339313364336133376137383463346363376162636666643035666263333033626236656636
34636466306466363939616265643430646134333065386165613062306236303364326366326436
38363134303862646361643464323634333237326637666464613434613135323934646232373133
37646439306632363537636237653537313561656338623266613239633936666337376330623531
63653832306134653362393731366664663465626638643761353039636464323164656237643564
31653966626134643932336566303964643039303264373436313632303465366335373065363566
37363461383462356663356662653033383237376335306136386135373232343565303430376435
31326535366131346131626661666339373463333036393063623538643638633163646135656637
33393261303838326266393134393565383332303938393366366436323235623939313935653037
36316438373839356436636365633939323438306339396335346664613931643038343237343962
39336633376664623563386663653166646433396664343033663466653061323937303239333266
34396338613938333937356662646665616431393731656334633831313938376330393036616466
62656265633634306433386333366463653562613261656264666561363662633036386639633739
32393636646365393338663830356339363935303731393032353939326438616364356535633634
64313366363839313161323837313066376164383461666265616231633737326266653166626262
38336463336131336164636432373439643761363562626261376532333530343136396137363732
64386663383434643334653364633434336238323931353262356237356630326366303933306332
39613131356233366133326365623635396632333530313635303864363831353765383130613932
64383539626634323939363135313937656333353561396166356665346637646664663165396631
66306462626630663133653631623962366336313930363663343839346536313933313936653335
37323966396631316563663865663839316138336331613464363565346230343330353165366465
33366564376634616162393036663834333766363165336563323361633335316334633734316134
31643166653635646166656539636365313464653332336336303435633735396262346131613033
30376162373231383239663661633231386337393636323261393932336439393565353839646237
35633932653364336663313235326163316166376161353231656361376438663264333264323436
31303238633563303230363631313163353235646561376333346535653731363137666539376439
33343661653736336466333232646262656331643631666261383939663530323765393139643934
30326633306264616436633862323634653866663636373034363039373565346266353864386437
39306365366132303634363835363236323961643439306637353433626563653439383166323361
30653537343532646130373461373337653966303432313932376330323730376338303832343261
66346637323563343535303130353435383563333334386435303662353237616463313136373232
35633337393535656364316561396466303933363633366438666632363439346532353363623430
30323161306138386435376163343239333332636636646330376238633833303231623133326536
63306537376462346532343762323162633438303564366265313066653433393731306562383237
61323564376230353231653031356533343661353762343163396663303935616239343332613236
33616639306337306562626266616335356564613030386438383336663338636265323765646562
31343136326130316665366236316538356338303364393564313936353330633330353065383864
35393033346562313434363365343432643962316562323238323864363934643063313837653838
36663538336361653635643965376231383462376632393663306165653165336562303535633335
31393861313666366561616139343238636134666637643363393433326532303463333766663966
64633136666337656561343031656636353830373866303463306662653331623762323730643965
38383634646535373262343239323861306130343061303839396333393233346536323633376539
63393137323238656133666464366238633739613132303036363931373731396630666262356539
34363934636365346236623665366236333965656666646537653433336437316136333437653736
63336639633330313162343664326665613330663462373434376466616531383263613337376434
37613936396363343037313664663064396562333536393362333761616430343838383634353631
65643563336366656532323834366437633439663165366433643433336438633864386365643366
30623861613336353536353064386163626236323338666332633639613065333339636562323531
39313337383530646434363738623563386462353466636164343538626537323038313664653636
31356662643630326539636132626133623065373263613934633262643062646133626662643662
32656238326134653735663331393338343836343431313136636366636437653334346239353239
66623936353264376336366161666432643330396365373739353530633835376231393264613936
34383961356365323462343161393330613136363665366361333236373630613365316136393339
66326365613733346338663134333536333264653733663666333162313765356661333330343939
32623437366337613862313036336337333035353764333436643461333133653464393563663731
33356631336235333166376538636563386463306535333032393762343238343239633635316637
32383164363961356638356165343831653435393462663235303234656363653963396239643038
31613534376339653730393466666331363831346536393861323137323636646332653134633130
39616233383839643962326339356232313566396264626132383737613833396234353833643737
64626366323732333761306235376535616538633630393133376332366139356432386639356662
64313932613233363037313263303237393035373237393735376462613736643630306639336262
61306461366335653031663835363533343137393164353938373962313231393132323536323935
63343565373135386266613637353431393461313434306266666562373962313662623936663231
66643131653733633338656238333332623139383036613038336637613064366336623833363766
65653863333632656539336639383931656232363764623139636537616631326434613536376264
38623635653235663362613961373931366161313061373731646237376233646366653066663761
35353534636234323135373863363864343934316339333136343833643732363330333262333432
65396539646464383763373566646435646231643031366132623238336130323566613166393437
39653635643430613563616161626632346563333539626531613934343439333233633062333564
66396631663030356532366431333732643931336433626263343034363361383263316139303966
65663466323762366432346531613230313035346132636432373233623136346631383432333136
36666433396332663765353234663963303037323261356233643239336138383132306633356634
33343336666239626466313535623866353436363764313136643332323163326663346362623534
63623333383431373134383038333566393137643335383262373435626462656133306561633866
62326166356361623633363132623734336466306638656531303236386663366533386665656164
30393032663066646461303439343336613066313437306564373833646566343165643132393936
37353161613433626530353162613132663332343262303431636130333262303962323333323866
32346233386363333130623930313031383266323531356162653463336666376464626537343962
34313330386233313634313532393837666164326630366135303565366166336333303831643335
63623062393134616237653663653631666238643032323330316339353431353830646365396466
31323664313731343630303433333939656538666130666236303930346536386538663739363934
31323133383764343938343534323565326231353433333630336162646332366337626365383432
37646533613066626233383735633162633761386634393335326361373863613639633335636662
65613466393334616364373739306632396564633232336264653665333734323731386236386362
65353864316566386531353439383533353234366165346438336633323133316663346130333736
37306563343432633536326132343962323836343139336662386530633837616330616538646637
64363439326338346637383465303632323863356530663338613434626330363538393639656638
39613833343062376339643436653739373037623632383864336131376537616135666565393864
33303636656165343334316337323638303563346163616435393535323165653936313061323930
38336531333435306561323130373764343539346135376534383134666632363964316638316532
38633436366633346136383531653539653764643965333666316335303339656539663732663063
31623765666434366633356237383964653135356335656463623163376237363338346365346439
35386432336263343034633237623138336535353765386366303633656530343134346632373134
35396464636165623930363166313938343636323661613262653738633363613733626531613663
31663031656438306335393730623566383862373762323537633334626532656334633737653730
30623732303731303230393038646334396638363761386664643436613836363039636266376635
34656532386330623836366137393531363331396562363864323962333931336565323262646666
33373166343436633037366430623465386166333761633461326361356335623630326531653032
64353435656635343632663937313836343866393932646239353439366261646335343861343464
66303636353831636534323364393133366162643437386537393938626237636439643363356132
63313831333536316230626634303333303737396665306234373338663063393961626566383936
34363138386562343166653661646335653332393133373039633064633161646237353635616235
36333765653132393264613061333166623263383136363535336630656262313138633832396337
39386232343637323537613536333131373530616263396631663535343934643438303566386363
36383935353630616463643666343564616362343865363239626161373462303761653830636437
62393635353235336130383666356231383564343865613764613962643261323230616133666466
61663932393434336363326562656662316430313864343764326239323361666532386133623931
65383264643761666335623363353133323564326239383732346235393138656261353339646338
63626435303138313864336133336463666231616438313264393831316363393133363863656637
32323462616433333431383431386565383135323962623536373938313930626333646663343836
39323133373933323730376330633339326361393937313831363135666662626138303163663632
65306531303063366263306162316533353138626335356363656432356133373332353830373531
39386366353631303934623262333736666130383730313639623030393866383566663731343833
34393864373533313765346436333264643833386162373361666664393935363631383635303165
65623338386633393036356334363437616335303963306562313134366531313231373161346161
63623739393330363835636164666338353930333239393066393133386331656230343732383764
65333561643066326434666265353336346233333032333034626164376435303139363633356632
61303361636337663932626661396437616461366363383739366163656532663237326533363462
36356539386361323530373466393132636262633034353033363064353036623732633737313730
62626530333831633031366236316666363134313939336237633734396331636636333366613732
30633532363261346136636564303235393464613661343864616462386435373035646461646531
63333138623166303436663231363230613137343639326639393963393736643239386366316538
66636336353534396535383435633935623835623364356430393066366137646265373833373835
64326561383466323038643734613234356532633761343161656139323630356338356261313434
65303265653235303361346362353161366433363939316262373832306363613436623765633734
38373866346435333136303961633439643331306166353962313761383139363965656539656539
39376233316566313564313536643066643437333932313165616663303130323336373336626161
66386539653431343436363262343063313433376565646231663664323431393061613465313766
37313435633962613838393230626263333461613032383037626536373063306337666236323662
33353933656436353735333863623561363138316539306565323532373036333130333937613433
32663937633566383364346161343138326636376439326636643731326435383262303866656332
31393937343331633137656464646333336364373061356336386238313865303263623131323734
39313630346636663562336237353964336132326139616431366134646533313665373231306466
35343164333138626661363361663066656165633364313361346162396434646435346232363630
34633136663435303131663563363064643334373639623733316133663137363937633563623036
38396431643663336333396264656164363066386265643131393531663237323865613766343964
33343532333864343161626533626462633130323436313633313535376666656439346334366437
38363330623532326263643365333934356137656164616134656262643937626235343834373234
33323937646336366136663339363839376637333738316261353630313765326365633239333638
66613132353334663661633737383661356535626231386666656137653936643265333538643030
66393766306264653631393837316331326139323537663138333830666262616466623538613964
33393537656663653661626365646263623734396663646662376236363865363536663062313435
61613164616233653235396635383339303035666138313337383134303165613433316465626163
31383265633633313064633934376161616631346265656433316338326631666465376131663936
36656532383165623662623631313837353162303530313836326266306437663830326631363236
36636266363064326565646337373835653539393864393537313736653665656439326235373961
34346434636134373537646563343466363633653233623636356161623938643731643736646632
35623832326436613763313838316166303738393464393130663739643236643533666239626337
34663562353534396531613037323234373034303162386435376563343035336531653566343961
63396533323935386234613864323263633031613866616136393832623230613130623566393931
66373161316231353236353734373862383634323866323930646663613239366530643834623433
34373466316235373463303562346330626462353238623034333132373363333238363465323663
66613861633032326335383633623935393763623231326131653161323934393364393632656637
66333131643036393465333632633061646365643563373436393861376231313263396231336162
31316338636335333835623936623436616236616131626562303164633233623863636561306565
62613033373763393664616433313639333137646132656532306330383161613431346263643839
39666534313536346466353962376566303764306231656630653936363332343962373766356339
62363362343332373631326362383166313332346661383365323133303730343164363731356532
63623938623266363964353464386530373939633266626161393565303031623363626132346237
30666136386233646431313434356334386464343863343832323738633633656535376636353162
32393230366330336533643334363131376535383065363264613737383934346136333338366664
61373439653939303236353437363461363132326562663363326236343131386538333536666138
36376136393863326334663839366161636232373332326535353537663665396533343661366464
39386137316465366665383738653830363266336230613532303832343563396461353762396562
31326438316363356262393131666363633130646433396162653238396662383638623765386330
61373739306135323938353563633831646664623362346531363030333163663937313236303162
61303839356265333436313765633666316666636236333833383931663833643535313732346265
62353831663634623265626335373636663262313761373139663339366536363664363339653665
33383564316264393034646663393863373066623233363633386163333438343232643763613831
66663063666463393237656362373432623963616639613165303863316439373437653239373735
66383431386236346134663736376637613264333731303132316263393962323839613636653665
63386264396332666166336666353265666339326532346138653661333166616635353039356263
36323038616337363336346364393933363265306139633135343338353932373166613134323537
38373832383637633733313537616232343035333636306465646261313461343336626665366335
64643063363337313261393135306162643533663033636539346238323961323661326439623639
30623639356634353062356264663239623366386433383634313963323764306338663338343932
61346436343264643263393638356332393431643337656135373765653635633637303733333263
32373533343564653036626230313937623063346632353133393165636233623938353638363833
66356234366166306662356631663561376666306532353264613735353134363035663664653533
30366263343237383163623034393033666564393762646534316565343334646338316639313861
32613963653062303138363238663132666664656136393663373362616435333766323233356565
63623232386236393661376665323836666463306436376434313361653339333865666162653462
34306434386136366539613739316463663664663438363334333838636631343933313962633838
31623032343537396664393463396435646664323930303863393232663461383534353061383032
36373162323862333166363535333165323762306437343664333566396235373763616466666134
62356463373265346461356631626137383662643933313032366432323232316264656331633331
34333434663263356238353262663137313938646432643035646439386164663033646164653530
64393130306664636636363830386639316335653764666234373066616239346235393163363330
66623538313661383164656662373532306664613362383236383635386535306563303333656161
32353936636132313239303331353163623636306533396136633239646366396164663866663733
37393532313534643363386661323165306333643638636433306130393538373163386262646136
61363566373237346439376638366637353965346135313236386438356161663239343836323932
35366237303333623532623732663264373533613964353463393862313830633837393037353963
63656561346132663733333466326239373939313834333764636135303862336438396330343938
63373631313763363065353864373639343038323461343634653764623566363039313432626131
30376662316530363861626637626231376564653664356138646365343461336361633164353233
32316564613936303337636362663333353639623733623865393334333164626231323330313632
36313363343931613636613639316464643563323834326233613334613334373735316333613237
39396564636239373937383063323639343038616636643464376263333237653530383564653439
65323531343364353236303161626130323734363338326232353035373330356466643535626562
33363666333366316161313436626231616561653566663637373863366233363064626134363533
63393239343130373335346630366533383330336634333663383962313465373830663164653464
33343136613862306638333534376535613432303139613637356264343262326336666332363564
35333831613166313030303536333562303961633833666562303064363464343639306666373930
66376136646336343065383461373464633563396138313063663733633736383036653531653237
33326437343632336331383833363535646337373964343431623936653665353564383265373531
37323536626536636631353935613838323064666233313333623436656339633838616235383638
34373466303431646161313466653130613734383939663431366536313838646538366465363931
64346562656435336561393662336266356633376233353332373638316331396632323337306137
39313737633334366239646430336431656161616161646166646133386639326163666239653463
34663035623936353438326236616138653038613564646431346330346636616430313832393663
66633831356435623966376164656264663862313636393831373262383432333432353565646236
39666665653831343634653638303938636531373337326265336239376438373433363631346162
39656339633533633463616463636464303862373337383563353135656132353166356130633235
66353361333463386362333963376636623336663739663262313864356634616232303263313164
66316464396533616662623366613039656166623131633933393963386532646634366464643665
33643539346539356365366330366330376639633639386138663566396539396234643539303730
36356665376537326534383233306666656338303038663633613137376632343563323438336534
62343033386233663933393232613038313235366133316263653139306135306161643435643931
62343338623839323732333864396665326633663266393261343937356439383837313663373165
30373164643864393039373361636137663537313337653133326339346235313132396437323666
63326134346164316436303039633131326436363238386334663364623462373235643833393231
66353939626463623332343237613736653535326461626564643161616133663731623332383164
66326236363431373830323365313935633037366437626230373534336438383261383265656664
37306635363034353336323831333563316664303365626662393231346138306436353436656531
31346438666636333335383935613566636562353335616631346262633235633365373239326665
65613833363239653538376364323435306539303031316265653134666465323761346638626136
38653439343234303763376436646164636536666436343131626131666330633037313539626434
61633430383033636661323762363133623963353665303864643333383331313264396334323265
30666133353430316166396536376162333532376536666231666163386334633165663963313134
61343663666639393165396530373930616530636532623338306162393835333964393537653931
65376563343365383363646630356430353231633562393162356637663637633263623735393539
31333230366666623966623531646465343965383761363138613139323961663539323838656330
61653437346535613232396632623431363161393638356231346431393739666333356636313834
35626264373735323238396538666237363664366361333531333032313735633437316632366233
36346262396566356465333339386665323439643630653262313137633536626530303432316661
36376233623134653635646434396236313330356132313732356366643762323834376238396463
36396661366537396364323863633462366636326161613766303964363335383366383536623563
33373937303664356164346239656161353639366265303231386365346430303965323165663637
63393737393333383036393365623739346365323133353961666637363832643761623535346531
62313836313234666336613266353833623339623438343361383564643232616239366162393364
66316330396533653965346433373130306630663935626562626130353762346164643532313636
63613563323831393761613638646334383362393461396265373064363230363732326239336638
37383233306439653936646134356462666266623430616436626262333165316161616538616537
64343731666237396366316334336562383731666132393531323030656465636564643261373163
30366135633937353631353331356334313839643630343133343161663361323163353239373663
39636436633535313239376437346438613432636564376334363063393163346436643631663462
31376438336162323966353637656563626436333363653734353161303234346465613338613936
35386336386536663736353430633333346436376363646230613337336433646337636362323061
66313034303831643265613163653562623839666430363939336431613232346363343332613934
66653265393464353639353030383034313839393164366263393362333561306262353232353565
36396135323665326438323232613364616631373835663863663964353464373364343332653438
66383133623162326662653435356266616338346532363465343863653466373134333661313932
30653833646336313765613938636239386565653665393864623336366630393634633938383735
65363537313738363161326565393861653366633664313036303937663961393930343563666538
62303965306339636233643133376230623937373230396434373935383230323934646438646566
61613039336666303036626165386432393431353238656662373233376364313434363461383466
31323533303530623738333061303935356536356434653062333131326330303238316539633363
63666564366435306134386364653939636634666232363738336433643830303333343634663436
37613433393964653832643433313837393837303466646339363965656565366437386464613762
35303665366630616435363864633765636466663564323335363231626338636234363530313337
66393965656238643632633462393037396261323336396164333933333862346131666439653538
34623165303461323462633365343966336664663030613963326535326135643164363566633838
34326535613433663735383064613065633439386462613135316234396161383866613934633661
32343164616339633465353165306536346632613635666436373934363138343931386436326562
62663761663238313663313431636534626435383935383262626563656138363333366233636137
36353736396130646438353562636364333231393035646661303231386631623765616365636161
31333533333861333539623430336233663966396535353966323466393930613765346366356366
30356434303131313663303166653666353164653332356134353965656238353138306633363063
39393636336665336538663536306131323666383361393536656130353363643038353039326437
33306637336130663264373163306462363432316463316539636133323565376339363633346435
62636134643862393630613539626534313163656233383966643838343136383739373638383935
35636634613362383263636562333134313563336437356465643735663730393666326632306662
64653234653037613563366430306537633535616538343437613134313261303435383739333865
33323662663632353032356634656630326233353735366232366165356637643137616465643839
31643331633465353264383565653333343036346561613831313738663732393630366231333563
39376661626437633732633733396565313961613632633038616233363239346265356334366164
31653730383964353764663566386231613665623136313538613062363538336362303233633633
35643966333836646538313034613364343231323130376132653331383430303732333465316465
30656361376464303939613331333738393634336539383465363039393064343231633930636230
36313166396334313636613931366139303037393162333231653233636363616439643531353062
63343038393636323638363962663765626139313733333731643862663663653366323333303163
61613532333737376233366164353661653362666535316339383834656264663563386163626436
35393865303132386338393864656566366162646130623530363462373131623934663639353033
32356237343632373966396230323931653763373833646437653032333835653065306136633162
38393666633465323462303039376331636263376361393461366138613937316633393833633931
64343238363033643964656132353639303737303264616531383533653663646137303935663632
39376633653531613461353134316431643162653164316562343134303831656662366637643562
31373564373330633261373066313339376465623033366230616231383235636463366436623931
63613761666636316438333134373665323635376336666435356363326234616137633937623836
36376330373830636662613035343737396333626536326536343765666530613666666166376136
37313266363034343135373466373039393936303930633030636638393366376561363736323365
35636532623336623632373436353033663138386633303664323732333135313433636336303831
65303831316538333966653239653438636137396534633636353930666639613639646165376637
62643462636631643934323366313864653130313436373865313366323464626535666634666566
65633034323861356431623734633261316664623937356338323736303435383232376235353364
38313866636136616266633236613831303461313234313633633239656232373761323332313730
61393335623132303137363332303063646363386538666263396465313238633834363262306631
61343933643762633331323565323337343234353237313937613036333764626332373437633536
31323437363166303831393838373639356430636638653730316263303035386135303134353365
32363434613933666135386633656432613162646564343334636462366664613030666235346662
63343534326135323739376334616666643437653731663338663338306136383438653634336532
37303863306266653330353033646336373933373538636431643361626363363935373935343537
35383133336532343539343836666463303764306236333663313361386536646332356461393836
32316631323335613261396631353866326435626332363232623832663932373966633232353337
34643139633865633939623863333535326361363931353336303630663564306164653664376333
35616333346133333831646365623034366161383763663537656431646434616330376333356231
35303431366236336630663138616537393765323938366161356164386563623431663331666235
61363338303730376439663237663463356131616636616365353837353031323063636266356161
62666663333038373032623736653862663062623566326238613039326637656536316361643438
62633331653435373938666339373237656163336264626264663431303463626138313232333031
64666263333235616236656366666264333637383965336363613635326266653734393539356263
30626563323864643930353137616136323336663530646563326536333438323130333536623132
31643530343966353637636538376365386438616635656131643239643764393133373437643161
31346134366437613964396466353138616439656337613035343062373236376331353232666561
34353832643234383332323833656234616363356263356139653337363862366232656564303761
33616538383939363865386439383331613561616662306231313532633936303466623138656531
31333865396536383633663334616566353962623961396538396265346532646535663237633433
33333763306637393561316562613464623035323539363135636233383234313563353130343439
64313731663062316131346261323235653939643136383562653033383462393862346361323666
38323166303866653165653233643932633463393662633162663231313865623537633131653465
32333432333264643162633335386163383464613266323935353635323530643464366461376165
38666564343731333631633235343839663836363137363365343165343961626439343331646632
31333761363234323830636536643530653366323965303432323135333534633936333937643439
33633735613138316463303533336337333764303533366631323465663238373931633461353434
36306633613032383239346236666533366336633436333539306236623138323763313739393363
64336438396335343561316331366165653132376635643335386366393161376630366234396366
65356631653339643565363638663164366665383433346330373734396636366232656362333262
32663335323934393461396532336232623938616637633931656230353065303332303364363134
39353466363830333132623766376534636464343531386433323062363765613139636164653438
65646238346431653330346165383164373064366631643536316332313833336532633034343763
62393034633934326365363065306664393130613436346433336433396262623032376261653937
65343966363938336530373837333163383530306264616566333665393531633161626232663332
31323937323233636661313034386331636337303161666431326536613161326234316664316231
39353131656438333035633437643837646533633262316233316631386339363038336333316638
66623539616130376231336531663833353361623035356334333131353863636261346631633665
32373861656463613731323735663335636264316238356333613861623032626261306231366566
31393265373630613737646431653830636437616136666161383961613061353737626361303764
30323561353961303437326662383430666464666362616235643031316461363664356336383766
30316230653938373738623163323536613863346464323534336665363165633538346433393765
33343065653536313131663861366332653436636463376162313935643337356339363038653539
64636636663634613534336535376364323364346465326363303561363463616630363563333835
34363663356435336433623130303065623238393936636464666135383633356336646237323165
63396535633863323864373732396230363933336165616365383361636163666438633337643162
61383230306366656665373161633932373465643362623965646137656161343037613639626462
35393463323338666566363938626532383833626235643263633065393838646362306235373261
62383835393231643066316662383639353661313530663933623362343938343662396432383766
64646665333164306264336431343232303864313861386566376539306432356539643036303733
62303433616662363362396530323336613430326132316430383534343465396166333435636235
63613965393265653736333063643763376165323032316236323130646536343962386335376237
61643133363362316533383762316364353662393531363030663033666463613865613239306630
30313434633732316331643732643464316266336533313838656136396165373035313766393833
38663233333663613437653733363764383131316562646461643130663433636431633264393136
38336636363737326666633335396663326530393036323861636266373139313536656166653631
61653230376231376131356139643135326663373065653230313937343930306263396131336562
39393632653938346362646363356139646463353563646335643537633166636337396438646539
39386534323035613762366364613539346339633166383532323531303964376161363362306333
65623537336136363431616262636362313130633261363566653131396131643930626439316666
34393430663665323762613431663439623062356331306437646162666132346539373566333835
66366563303965303238356366636666653935303534353532303233616634373364363065313736
32373865346662616638376132303061303531376362623439623662386133393862633930366233
35386430633037646365613164393631323831646461386533313935303136646535626564643063
36636630646335333762316535613566383732663739386362653463393864623932653231306265
38333962343061313730323962386561323061633434616166636566343165336537613663626434
64653735356239343762666234396330323036383234303466646633616539386564343733623532
64326439373431336135343338656337353062646330376531323861343730333464366539396262
63633237393866386334373534333836376330386631346437363637653239363632663363633261
65306463633030643563663232623161313532613666653533623532323339383937313934393963
62373437376462313332306465613536386630346633643732613339323765383634373037346337
63303765663136303264306138336437656462393032623332346339336462613861343731366464
33333131383334383863366664396562653338646337376639323362326531663339633836353963
33316666616336373337656139323564336164663438343338306534373665336137666264393064
66333939313364656337373566633336616165303030323935626462626236303838
