$ANSIBLE_VAULT;1.1;AES256
64386531356137353736306162303161373061306536383931323061623235323134393964633238
3763313735666262343535303266363566313330656137380a633036353137373664343739316632
64363335643162363662386363653936343666346164353035313437306131386565386233383162
6338386535616466640a393133323530356164623831343661353239613835326362653964626461
39646436336433353635313136353031313536343131613064626439363866633130316134326530
66616565373362366235346261353864643137656663366362636363393230623232313931653464
36626565613162373737383938393831393032623131633735396130336661643862346237386336
30356438646166306264376438333333323033663032383839356132366238303637626432343631
31313366386366323531626539646664366439383131613834383332616164386135653233613239
39346161333733336162303639616136636236666561336533333139336232366563356261656634
65656637383937613235366434313536383133383863366261623233636636326563633831613265
35363763633431386235343061626230663234386463616630343431343235376661386233323237
65376633343962373832383265353433636135306465346335373938336235383963
